60
0 56 24 23 20 50 88 95 135 106 74 28 70 83 29 98 55 94 15 121 25 79 29 65 47 46 62 71 41 121 71 115 40 105 117 100 120 108 21 78 55 13 126 13 50 117 92 42 56 95 129 48 14 54 52 10 82 54 98 52 96 
56 0 40 41 36 6 32 39 79 50 22 36 14 27 43 42 17 38 57 65 47 27 35 9 17 26 10 19 31 65 15 59 24 49 61 44 64 52 51 26 9 43 70 59 14 61 36 30 8 39 73 8 58 18 12 62 30 10 42 20 40 
24 40 0 1 18 34 64 79 111 82 58 4 54 67 17 82 39 78 31 97 21 55 5 49 23 30 38 55 17 105 55 99 16 89 101 84 96 84 25 54 39 25 102 37 26 93 76 26 40 79 113 32 30 38 36 34 66 38 82 36 72 
23 41 1 0 19 35 65 80 112 83 59 5 55 68 18 83 40 79 30 98 22 56 6 50 24 31 39 56 18 106 56 100 17 90 102 85 97 85 26 55 40 26 103 36 27 94 77 27 41 80 114 33 29 39 37 33 67 39 83 37 73 
20 36 18 19 0 30 68 75 115 86 54 14 50 63 21 78 35 74 35 101 25 59 13 45 27 26 42 51 21 101 51 95 20 85 97 80 100 88 29 58 35 7 106 33 30 97 72 22 36 75 109 28 34 34 32 30 62 34 78 32 76 
50 6 34 35 30 0 38 45 85 56 24 30 20 33 37 48 19 44 51 71 41 29 29 15 19 28 12 21 33 71 21 65 26 55 67 50 70 58 45 28 11 37 76 53 16 67 42 32 10 45 79 2 52 20 14 56 32 12 48 22 46 
88 32 64 65 68 38 0 21 47 24 22 60 18 9 67 24 49 20 81 33 71 17 59 23 41 58 26 33 55 41 17 35 48 31 37 26 32 20 75 10 41 75 38 91 38 29 18 62 40 21 49 40 82 50 44 94 14 42 24 52 8 
95 39 79 80 75 45 21 0 40 31 29 75 25 12 82 31 56 27 96 26 86 32 74 30 56 65 41 40 70 26 24 20 63 10 22 33 25 21 90 25 48 82 31 98 53 22 25 69 47 28 34 47 97 57 51 101 21 49 31 59 29 
135 79 111 112 115 85 47 40 0 29 69 107 65 52 106 53 96 57 120 30 110 56 106 70 88 105 73 80 94 30 64 34 95 30 34 51 31 27 114 57 88 122 25 138 85 28 51 109 87 48 22 87 121 97 91 141 61 89 53 99 39 
106 50 82 83 86 56 24 31 29 0 40 78 36 27 77 42 67 38 91 23 81 27 77 41 59 76 44 51 65 31 35 25 66 21 27 42 22 18 85 28 59 93 28 109 56 19 36 80 58 39 39 58 92 68 62 112 32 60 42 70 30 
74 22 58 59 54 24 22 29 69 40 0 54 26 17 61 24 27 20 75 55 65 33 53 31 35 36 28 29 49 55 25 41 42 39 51 26 54 42 69 26 19 61 60 69 32 51 18 40 18 21 63 26 76 28 22 72 8 20 24 30 30 
28 36 4 5 14 30 60 75 107 78 54 0 50 63 13 78 35 74 27 93 17 51 1 45 19 26 34 51 13 101 51 95 12 85 97 80 92 80 21 50 35 21 98 37 22 89 72 22 36 75 109 28 28 34 32 38 62 34 78 32 68 
70 14 54 55 50 20 18 25 65 36 26 50 0 13 57 28 31 24 71 51 61 29 49 5 31 40 24 33 45 51 1 45 38 35 47 30 50 38 65 22 23 57 56 73 28 47 22 44 22 25 59 22 72 32 26 76 18 24 28 34 26 
83 27 67 68 63 33 9 12 52 27 17 63 13 0 70 19 44 15 84 38 74 20 62 18 44 53 29 28 58 38 12 32 51 22 34 21 37 29 78 13 36 70 43 86 41 34 13 57 35 16 46 35 85 45 39 89 9 37 19 47 17 
29 43 17 18 21 37 67 82 106 77 61 13 57 70 0 85 42 81 14 100 4 50 12 52 26 33 41 58 12 108 58 102 19 92 104 87 99 87 8 57 42 28 105 42 29 96 79 29 43 82 116 35 15 41 39 39 69 41 85 39 75 
98 42 82 83 78 48 24 31 53 42 24 78 28 19 85 0 43 4 99 39 89 35 77 33 59 52 44 27 73 39 27 25 66 29 35 2 38 34 93 28 43 85 44 85 56 35 20 56 42 23 47 50 100 44 46 88 16 44 0 46 32 
55 17 39 40 35 19 49 56 96 67 27 35 31 44 42 43 0 39 56 82 46 40 34 26 30 9 23 16 42 82 32 68 37 66 78 45 81 69 50 39 14 42 87 42 27 78 45 13 13 48 90 21 57 1 17 45 35 15 43 3 57 
94 38 78 79 74 44 20 27 57 38 20 74 24 15 81 4 39 0 95 43 85 31 73 29 55 48 40 23 69 43 23 29 62 33 39 6 42 38 89 24 39 81 48 81 52 39 16 52 38 19 51 46 96 40 42 84 12 40 4 42 28 
15 57 31 30 35 51 81 96 120 91 75 27 71 84 14 99 56 95 0 114 10 64 26 66 40 47 55 72 26 122 72 116 33 106 118 101 113 101 6 71 56 28 119 28 43 110 93 43 57 96 130 49 1 55 53 25 83 55 99 53 89 
121 65 97 98 101 71 33 26 30 23 55 93 51 38 100 39 82 43 114 0 104 50 92 56 74 91 59 66 88 26 50 20 81 16 22 37 1 13 108 43 74 108 5 124 71 4 37 95 73 34 28 73 115 83 77 127 47 75 39 85 25 
25 47 21 22 25 41 71 86 110 81 65 17 61 74 4 89 46 85 10 104 0 54 16 56 30 37 45 62 16 112 62 106 23 96 108 91 103 91 4 61 46 32 109 38 33 100 83 33 47 86 120 39 11 45 43 35 73 45 89 43 79 
79 27 55 56 59 29 17 32 56 27 33 51 29 20 50 35 40 31 64 50 54 0 50 34 32 49 25 42 38 58 28 52 39 42 54 37 49 37 58 21 32 66 55 82 29 46 29 53 31 32 66 31 65 41 35 85 25 33 35 43 25 
29 35 5 6 13 29 59 74 106 77 53 1 49 62 12 77 34 73 26 92 16 50 0 44 18 25 33 50 12 100 50 94 11 84 96 79 91 79 20 49 34 20 97 36 21 88 71 21 35 74 108 27 27 33 31 39 61 33 77 31 67 
65 9 49 50 45 15 23 30 70 41 31 45 5 18 52 33 26 29 66 56 56 34 44 0 26 35 19 28 40 56 6 50 33 40 52 35 55 43 60 27 18 52 61 68 23 52 27 39 17 30 64 17 67 27 21 71 23 19 33 29 31 
47 17 23 24 27 19 41 56 88 59 35 19 31 44 26 59 30 55 40 74 30 32 18 26 0 39 15 32 26 82 32 76 7 66 78 61 73 61 34 31 22 34 79 50 3 70 53 35 21 56 90 21 41 31 25 53 43 23 59 33 49 
46 26 30 31 26 28 58 65 105 76 36 26 40 53 33 52 9 48 47 91 37 49 25 35 39 0 32 25 33 91 41 77 32 75 87 54 90 78 41 48 23 33 96 33 36 87 54 4 22 57 99 30 48 8 26 36 44 24 52 6 66 
62 10 38 39 42 12 26 41 73 44 28 34 24 29 41 44 23 40 55 59 45 25 33 19 15 32 0 25 29 67 25 61 22 51 63 46 58 46 49 16 15 49 64 65 12 55 38 36 14 41 75 14 56 24 18 68 34 16 44 26 34 
71 19 55 56 51 21 33 40 80 51 29 51 33 28 58 27 16 23 72 66 62 42 50 28 32 25 25 0 46 66 34 52 39 50 62 29 65 53 66 37 16 58 71 58 29 62 29 29 15 32 74 23 73 17 19 61 25 17 27 19 41 
41 31 17 18 21 33 55 70 94 65 49 13 45 58 12 73 42 69 26 88 16 38 12 40 26 33 29 46 0 96 46 90 19 80 92 75 87 75 20 45 36 28 93 44 29 84 67 29 35 70 104 35 27 41 39 47 57 37 73 39 63 
121 65 105 106 101 71 41 26 30 31 55 101 51 38 108 39 82 43 122 26 112 58 100 56 82 91 67 66 96 0 50 20 89 16 4 37 25 21 116 51 74 108 31 124 79 22 37 95 73 34 8 73 123 83 77 127 47 75 39 85 33 
71 15 55 56 51 21 17 24 64 35 25 51 1 12 58 27 32 23 72 50 62 28 50 6 32 41 25 34 46 50 0 44 39 34 46 29 49 37 66 21 24 58 55 74 29 46 21 45 23 24 58 23 73 33 27 77 17 25 27 35 25 
115 59 99 100 95 65 35 20 34 25 41 95 45 32 102 25 68 29 116 20 106 52 94 50 76 77 61 52 90 20 44 0 83 10 16 23 19 15 110 45 60 102 25 110 73 16 23 81 59 20 28 67 117 69 63 113 33 61 25 71 27 
40 24 16 17 20 26 48 63 95 66 42 12 38 51 19 66 37 62 33 81 23 39 11 33 7 32 22 39 19 89 39 83 0 73 85 68 80 68 27 38 29 27 86 43 10 77 60 28 28 63 97 28 34 38 32 46 50 30 66 38 56 
105 49 89 90 85 55 31 10 30 21 39 85 35 22 92 29 66 33 106 16 96 42 84 40 66 75 51 50 80 16 34 10 73 0 12 27 15 11 100 35 58 92 21 108 63 12 27 79 57 24 24 57 107 67 61 111 31 59 29 69 23 
117 61 101 102 97 67 37 22 34 27 51 97 47 34 104 35 78 39 118 22 108 54 96 52 78 87 63 62 92 4 46 16 85 12 0 33 21 17 112 47 70 104 27 120 75 18 33 91 69 30 12 69 119 79 73 123 43 71 35 81 29 
100 44 84 85 80 50 26 33 51 42 26 80 30 21 87 2 45 6 101 37 91 37 79 35 61 54 46 29 75 37 29 23 68 27 33 0 36 32 95 30 45 87 42 87 58 33 22 58 44 25 45 52 102 46 48 90 18 46 2 48 34 
120 64 96 97 100 70 32 25 31 22 54 92 50 37 99 38 81 42 113 1 103 49 91 55 73 90 58 65 87 25 49 19 80 15 21 36 0 12 107 42 73 107 6 123 70 3 36 94 72 33 29 72 114 82 76 126 46 74 38 84 24 
108 52 84 85 88 58 20 21 27 18 42 80 38 29 87 34 69 38 101 13 91 37 79 43 61 78 46 53 75 21 37 15 68 11 17 32 12 0 95 30 61 95 18 111 58 9 32 82 60 29 29 60 102 70 64 114 34 62 34 72 12 
21 51 25 26 29 45 75 90 114 85 69 21 65 78 8 93 50 89 6 108 4 58 20 60 34 41 49 66 20 116 66 110 27 100 112 95 107 95 0 65 50 34 113 34 37 104 87 37 51 90 124 43 7 49 47 31 77 49 93 47 83 
78 26 54 55 58 28 10 25 57 28 26 50 22 13 57 28 39 24 71 43 61 21 49 27 31 48 16 37 45 51 21 45 38 35 47 30 42 30 65 0 31 65 48 81 28 39 22 52 30 25 59 30 72 40 34 84 18 32 28 42 18 
55 9 39 40 35 11 41 48 88 59 19 35 23 36 42 43 14 39 56 74 46 32 34 18 22 23 15 16 36 74 24 60 29 58 70 45 73 61 50 31 0 42 79 50 19 70 37 27 1 40 82 13 57 15 3 53 27 1 43 17 49 
13 43 25 26 7 37 75 82 122 93 61 21 57 70 28 85 42 81 28 108 32 66 20 52 34 33 49 58 28 108 58 102 27 92 104 87 107 95 34 65 42 0 113 26 37 104 79 29 43 82 116 35 27 41 39 23 69 41 85 39 83 
126 70 102 103 106 76 38 31 25 28 60 98 56 43 105 44 87 48 119 5 109 55 97 61 79 96 64 71 93 31 55 25 86 21 27 42 6 18 113 48 79 113 0 129 76 9 42 100 78 39 23 78 120 88 82 132 52 80 44 90 30 
13 59 37 36 33 53 91 98 138 109 69 37 73 86 42 85 42 81 28 124 38 82 36 68 50 33 65 58 44 124 74 110 43 108 120 87 123 111 34 81 50 26 129 0 53 120 87 29 51 90 132 51 27 41 47 3 77 49 85 39 99 
50 14 26 27 30 16 38 53 85 56 32 22 28 41 29 56 27 52 43 71 33 29 21 23 3 36 12 29 29 79 29 73 10 63 75 58 70 58 37 28 19 37 76 53 0 67 50 38 18 53 87 18 44 28 22 56 40 20 56 30 46 
117 61 93 94 97 67 29 22 28 19 51 89 47 34 96 35 78 39 110 4 100 46 88 52 70 87 55 62 84 22 46 16 77 12 18 33 3 9 104 39 70 104 9 120 67 0 33 91 69 30 30 69 111 79 73 123 43 71 35 81 21 
92 36 76 77 72 42 18 25 51 36 18 72 22 13 79 20 45 16 93 37 83 29 71 27 53 54 38 29 67 37 21 23 60 27 33 22 36 32 87 22 37 79 42 87 50 33 0 58 36 3 45 44 94 46 40 90 10 38 20 48 26 
42 30 26 27 22 32 62 69 109 80 40 22 44 57 29 56 13 52 43 95 33 53 21 39 35 4 36 29 29 95 45 81 28 79 91 58 94 82 37 52 27 29 100 29 38 91 58 0 26 61 103 34 44 12 30 32 48 28 56 10 70 
56 8 40 41 36 10 40 47 87 58 18 36 22 35 43 42 13 38 57 73 47 31 35 17 21 22 14 15 35 73 23 59 28 57 69 44 72 60 51 30 1 43 78 51 18 69 36 26 0 39 81 12 58 14 4 54 26 2 42 16 48 
95 39 79 80 75 45 21 28 48 39 21 75 25 16 82 23 48 19 96 34 86 32 74 30 56 57 41 32 70 34 24 20 63 24 30 25 33 29 90 25 40 82 39 90 53 30 3 61 39 0 42 47 97 49 43 93 13 41 23 51 29 
129 73 113 114 109 79 49 34 22 39 63 109 59 46 116 47 90 51 130 28 120 66 108 64 90 99 75 74 104 8 58 28 97 24 12 45 29 29 124 59 82 116 23 132 87 30 45 103 81 42 0 81 131 91 85 135 55 83 47 93 41 
48 8 32 33 28 2 40 47 87 58 26 28 22 35 35 50 21 46 49 73 39 31 27 17 21 30 14 23 35 73 23 67 28 57 69 52 72 60 43 30 13 35 78 51 18 69 44 34 12 47 81 0 50 22 16 54 34 14 50 24 48 
14 58 30 29 34 52 82 97 121 92 76 28 72 85 15 100 57 96 1 115 11 65 27 67 41 48 56 73 27 123 73 117 34 107 119 102 114 102 7 72 57 27 120 27 44 111 94 44 58 97 131 50 0 56 54 24 84 56 100 54 90 
54 18 38 39 34 20 50 57 97 68 28 34 32 45 41 44 1 40 55 83 45 41 33 27 31 8 24 17 41 83 33 69 38 67 79 46 82 70 49 40 15 41 88 41 28 79 46 12 14 49 91 22 56 0 18 44 36 16 44 2 58 
52 12 36 37 32 14 44 51 91 62 22 32 26 39 39 46 17 42 53 77 43 35 31 21 25 26 18 19 39 77 27 63 32 61 73 48 76 64 47 34 3 39 82 47 22 73 40 30 4 43 85 16 54 18 0 50 30 2 46 20 52 
10 62 34 33 30 56 94 101 141 112 72 38 76 89 39 88 45 84 25 127 35 85 39 71 53 36 68 61 47 127 77 113 46 111 123 90 126 114 31 84 53 23 132 3 56 123 90 32 54 93 135 54 24 44 50 0 80 52 88 42 102 
82 30 66 67 62 32 14 21 61 32 8 62 18 9 69 16 35 12 83 47 73 25 61 23 43 44 34 25 57 47 17 33 50 31 43 18 46 34 77 18 27 69 52 77 40 43 10 48 26 13 55 34 84 36 30 80 0 28 16 38 22 
54 10 38 39 34 12 42 49 89 60 20 34 24 37 41 44 15 40 55 75 45 33 33 19 23 24 16 17 37 75 25 61 30 59 71 46 74 62 49 32 1 41 80 49 20 71 38 28 2 41 83 14 56 16 2 52 28 0 44 18 50 
98 42 82 83 78 48 24 31 53 42 24 78 28 19 85 0 43 4 99 39 89 35 77 33 59 52 44 27 73 39 27 25 66 29 35 2 38 34 93 28 43 85 44 85 56 35 20 56 42 23 47 50 100 44 46 88 16 44 0 46 32 
52 20 36 37 32 22 52 59 99 70 30 32 34 47 39 46 3 42 53 85 43 43 31 29 33 6 26 19 39 85 35 71 38 69 81 48 84 72 47 42 17 39 90 39 30 81 48 10 16 51 93 24 54 2 20 42 38 18 46 0 60 
96 40 72 73 76 46 8 29 39 30 30 68 26 17 75 32 57 28 89 25 79 25 67 31 49 66 34 41 63 33 25 27 56 23 29 34 24 12 83 18 49 83 30 99 46 21 26 70 48 29 41 48 90 58 52 102 22 50 32 60 0 
