15
0 22 20 15 12 21 37 37 66 62 33 25 25 33 32 55 
22 0 28 25 10 19 15 23 44 40 19 31 11 11 40 41 
20 28 0 19 24 37 25 41 46 42 37 21 29 29 28 59 
15 25 19 0 19 34 22 38 51 47 34 24 26 26 31 56 
12 10 24 19 0 29 25 33 54 50 29 29 21 21 36 51 
21 19 37 34 29 0 24 16 53 49 12 40 12 20 49 34 
37 15 25 22 25 24 0 28 37 37 24 28 16 16 37 46 
37 23 41 38 33 16 28 0 45 53 16 44 16 24 53 38 
66 44 46 51 54 53 37 45 0 20 53 41 45 41 34 67 
62 40 42 47 50 49 37 53 20 0 49 37 41 41 30 71 
33 19 37 34 29 12 24 16 53 49 0 40 12 20 49 26 
25 31 21 24 29 40 28 44 41 37 40 0 32 32 25 62 
25 11 29 26 21 12 16 16 45 41 12 32 0 12 41 34 
33 11 29 26 21 20 16 24 41 41 20 32 12 0 41 42 
32 40 28 31 36 49 37 53 34 30 49 25 41 41 0 71 
55 41 59 56 51 34 46 38 67 71 26 62 34 42 71 0 
