60
0 28 45 42 41 32 20 13 8 16 24 44 24 45 22 37 23 53 11 46 27 25 39 40 30 42 6 23 13 41 10 7 21 10 51 26 47 9 53 38 12 23 42 36 18 3 33 53 38 58 10 68 91 80 60 107 58 105 42 16 55 
28 0 17 14 13 4 8 15 28 20 4 16 4 17 18 9 17 25 25 18 13 3 11 12 10 14 22 5 23 13 18 21 19 18 23 14 19 27 25 10 24 17 14 8 10 25 5 25 10 30 34 40 63 52 32 79 30 77 14 28 27 
45 17 0 11 12 17 25 32 37 29 21 1 21 0 31 22 30 8 34 1 18 20 6 21 23 3 39 22 40 4 35 38 32 35 6 19 10 36 16 7 33 30 19 21 27 42 18 8 23 21 51 23 54 43 23 70 21 60 27 45 18 
42 14 11 0 1 10 22 29 42 34 18 12 18 11 28 19 27 11 39 10 23 17 17 16 20 14 36 19 37 15 32 35 29 32 9 24 5 41 11 18 38 27 14 18 24 39 9 11 18 16 48 26 49 38 18 65 16 63 22 42 13 
41 13 12 1 0 9 21 28 41 33 17 13 17 12 27 18 26 12 38 11 22 16 18 17 19 15 35 18 36 16 31 34 28 31 10 23 6 40 12 19 37 26 15 17 23 38 8 12 19 17 47 27 50 39 19 66 17 64 23 41 14 
32 4 17 10 9 0 12 19 32 24 8 16 8 17 18 9 17 21 29 18 13 7 11 12 10 14 26 9 27 13 22 25 19 22 19 14 15 31 21 10 28 17 14 8 14 29 1 21 10 26 38 36 59 48 28 75 26 73 14 32 23 
20 8 25 22 21 12 0 7 20 12 4 24 4 25 12 17 13 33 17 26 17 5 19 20 18 22 14 3 15 21 10 13 11 10 31 16 27 19 33 18 16 13 22 16 2 17 13 33 18 38 26 48 71 60 40 87 38 85 22 20 35 
13 15 32 29 28 19 7 0 17 9 11 31 11 32 9 24 10 40 14 33 14 12 26 27 17 29 7 10 12 28 3 6 8 3 38 13 34 16 40 25 13 10 29 23 5 10 20 40 25 45 23 55 78 67 47 94 45 92 29 17 42 
8 28 37 42 41 32 20 17 0 8 24 36 24 37 22 37 23 45 3 38 19 25 31 40 30 34 14 23 21 33 18 15 21 18 43 18 47 1 53 30 4 23 42 36 18 11 33 45 38 58 18 60 91 80 60 107 58 97 42 24 55 
16 20 29 34 33 24 12 9 8 0 16 28 16 29 14 29 15 37 5 30 11 17 23 32 22 26 16 15 17 25 12 15 13 12 35 10 39 7 45 22 4 15 34 28 10 19 25 37 30 50 26 52 83 72 52 99 50 89 34 22 47 
24 4 21 18 17 8 4 11 24 16 0 20 0 21 16 13 17 29 21 22 17 1 15 16 14 18 18 1 19 17 14 17 15 14 27 18 23 23 29 14 20 17 18 12 6 21 9 29 14 34 30 44 67 56 36 83 34 81 18 24 31 
44 16 1 12 13 16 24 31 36 28 20 0 20 1 30 21 29 9 33 2 17 19 5 22 22 2 38 21 39 3 34 37 31 34 7 18 11 35 17 6 32 29 20 20 26 41 17 9 22 22 50 24 55 44 24 71 22 61 26 44 19 
24 4 21 18 17 8 4 11 24 16 0 20 0 21 16 13 17 29 21 22 17 1 15 16 14 18 18 1 19 17 14 17 15 14 27 18 23 23 29 14 20 17 18 12 6 21 9 29 14 34 30 44 67 56 36 83 34 81 18 24 31 
45 17 0 11 12 17 25 32 37 29 21 1 21 0 31 22 30 8 34 1 18 20 6 21 23 3 39 22 40 4 35 38 32 35 6 19 10 36 16 7 33 30 19 21 27 42 18 8 23 21 51 23 54 43 23 70 21 60 27 45 18 
22 18 31 28 27 18 12 9 22 14 16 30 16 31 0 15 1 39 19 32 19 17 25 18 8 28 16 15 9 27 12 15 1 12 37 18 33 21 31 24 18 1 20 14 10 19 19 39 16 36 20 54 69 66 38 85 36 91 20 14 33 
37 9 22 19 18 9 17 24 37 29 13 21 13 22 15 0 14 24 34 23 18 12 16 3 7 19 31 14 24 18 27 30 16 27 22 19 18 36 16 15 33 14 5 1 19 34 10 24 1 21 35 39 54 51 23 70 21 76 11 29 18 
23 17 30 27 26 17 13 10 23 15 17 29 17 30 1 14 0 38 20 31 20 18 24 17 7 27 17 16 10 26 13 16 2 13 36 19 32 22 30 23 19 0 19 13 11 20 18 38 15 35 21 53 68 65 37 84 35 90 19 15 32 
53 25 8 11 12 21 33 40 45 37 29 9 29 8 39 24 38 0 42 7 26 28 14 21 31 11 47 30 48 12 43 46 40 43 2 27 10 44 16 15 41 38 19 25 35 50 20 0 23 21 59 15 46 35 23 62 21 52 27 53 18 
11 25 34 39 38 29 17 14 3 5 21 33 21 34 19 34 20 42 0 35 16 22 28 37 27 31 17 20 22 30 17 18 18 17 40 15 44 2 50 27 1 20 39 33 15 14 30 42 35 55 21 57 88 77 57 104 55 94 39 27 52 
46 18 1 10 11 18 26 33 38 30 22 2 22 1 32 23 31 7 35 0 19 21 7 20 24 4 40 23 41 5 36 39 33 36 5 20 9 37 15 8 34 31 18 22 28 43 19 7 22 20 52 22 53 42 22 69 20 59 26 46 17 
27 13 18 23 22 13 17 14 19 11 17 17 17 18 19 18 20 26 16 19 0 16 12 21 19 15 21 18 22 14 17 20 18 17 24 1 28 18 34 11 15 20 23 17 15 24 14 26 19 39 33 41 72 61 41 88 39 78 23 27 36 
25 3 20 17 16 7 5 12 25 17 1 19 1 20 17 12 18 28 22 21 16 0 14 15 13 17 19 2 20 16 15 18 16 15 26 17 22 24 28 13 21 18 17 11 7 22 8 28 13 33 31 43 66 55 35 82 33 80 17 25 30 
39 11 6 17 18 11 19 26 31 23 15 5 15 6 25 16 24 14 28 7 12 14 0 19 17 3 33 16 34 2 29 32 26 29 12 13 16 30 22 1 27 24 21 15 21 36 12 14 17 27 45 29 60 49 29 76 27 66 21 39 24 
40 12 21 16 17 12 20 27 40 32 16 22 16 21 18 3 17 21 37 20 21 15 19 0 10 22 34 17 27 21 30 33 19 30 19 22 15 39 13 18 36 17 2 4 22 37 13 21 2 18 38 36 51 48 20 67 18 73 14 32 15 
30 10 23 20 19 10 18 17 30 22 14 22 14 23 8 7 7 31 27 24 19 13 17 10 0 20 24 15 17 19 20 23 9 20 29 20 25 29 23 16 26 7 12 6 18 27 11 31 8 28 28 46 61 58 30 77 28 83 12 22 25 
42 14 3 14 15 14 22 29 34 26 18 2 18 3 28 19 27 11 31 4 15 17 3 22 20 0 36 19 37 1 32 35 29 32 9 16 13 33 19 4 30 27 22 18 24 39 15 11 20 24 48 26 57 46 26 73 24 63 24 42 21 
6 22 39 36 35 26 14 7 14 16 18 38 18 39 16 31 17 47 17 40 21 19 33 34 24 36 0 17 19 35 4 1 15 4 45 20 41 15 47 32 18 17 36 30 12 3 27 47 32 52 16 62 85 74 54 101 52 99 36 22 49 
23 5 22 19 18 9 3 10 23 15 1 21 1 22 15 14 16 30 20 23 18 2 16 17 15 19 17 0 18 18 13 16 14 13 28 19 24 22 30 15 19 16 19 13 5 20 10 30 15 35 29 45 68 57 37 84 35 82 19 23 32 
13 23 40 37 36 27 15 12 21 17 19 39 19 40 9 24 10 48 22 41 22 20 34 27 17 37 19 18 0 36 15 18 8 15 46 21 42 22 40 33 21 10 29 23 13 16 28 48 25 45 15 63 78 75 47 94 45 100 29 17 42 
41 13 4 15 16 13 21 28 33 25 17 3 17 4 27 18 26 12 30 5 14 16 2 21 19 1 35 18 36 0 31 34 28 31 10 15 14 32 20 3 29 26 23 17 23 38 14 12 19 25 47 27 58 47 27 74 25 64 23 41 22 
10 18 35 32 31 22 10 3 18 12 14 34 14 35 12 27 13 43 17 36 17 15 29 30 20 32 4 13 15 31 0 3 11 0 41 16 37 19 43 28 16 13 32 26 8 7 23 43 28 48 20 58 81 70 50 97 48 95 32 20 45 
7 21 38 35 34 25 13 6 15 15 17 37 17 38 15 30 16 46 18 39 20 18 32 33 23 35 1 16 18 34 3 0 14 3 44 19 40 16 46 31 19 16 35 29 11 4 26 46 31 51 17 61 84 73 53 100 51 98 35 23 48 
21 19 32 29 28 19 11 8 21 13 15 31 15 32 1 16 2 40 18 33 18 16 26 19 9 29 15 14 8 28 11 14 0 11 38 17 34 20 32 25 17 2 21 15 9 18 20 40 17 37 19 55 70 67 39 86 37 92 21 13 34 
10 18 35 32 31 22 10 3 18 12 14 34 14 35 12 27 13 43 17 36 17 15 29 30 20 32 4 13 15 31 0 3 11 0 41 16 37 19 43 28 16 13 32 26 8 7 23 43 28 48 20 58 81 70 50 97 48 95 32 20 45 
51 23 6 9 10 19 31 38 43 35 27 7 27 6 37 22 36 2 40 5 24 26 12 19 29 9 45 28 46 10 41 44 38 41 0 25 8 42 14 13 39 36 17 23 33 48 18 2 21 19 57 17 48 37 21 64 19 54 25 51 16 
26 14 19 24 23 14 16 13 18 10 18 18 18 19 18 19 19 27 15 20 1 17 13 22 20 16 20 19 21 15 16 19 17 16 25 0 29 17 35 12 14 19 24 18 14 23 15 27 20 40 32 42 73 62 42 89 40 79 24 26 37 
47 19 10 5 6 15 27 34 47 39 23 11 23 10 33 18 32 10 44 9 28 22 16 15 25 13 41 24 42 14 37 40 34 37 8 29 0 46 10 17 43 32 13 19 29 44 14 10 17 15 53 21 44 33 17 60 15 58 21 47 12 
9 27 36 41 40 31 19 16 1 7 23 35 23 36 21 36 22 44 2 37 18 24 30 39 29 33 15 22 22 32 19 16 20 19 42 17 46 0 52 29 3 22 41 35 17 12 32 44 37 57 19 59 90 79 59 106 57 96 41 25 54 
53 25 16 11 12 21 33 40 53 45 29 17 29 16 31 16 30 16 50 15 34 28 22 13 23 19 47 30 40 20 43 46 32 43 14 35 10 52 0 23 49 30 11 17 35 50 20 16 15 5 51 23 38 35 7 54 13 60 19 45 2 
38 10 7 18 19 10 18 25 30 22 14 6 14 7 24 15 23 15 27 8 11 13 1 18 16 4 32 15 33 3 28 31 25 28 13 12 17 29 23 0 26 23 20 14 20 35 11 15 16 28 44 30 61 50 30 77 28 67 20 38 25 
12 24 33 38 37 28 16 13 4 4 20 32 20 33 18 33 19 41 1 34 15 21 27 36 26 30 18 19 21 29 16 19 17 16 39 14 43 3 49 26 0 19 38 32 14 15 29 41 34 54 22 56 87 76 56 103 54 93 38 26 51 
23 17 30 27 26 17 13 10 23 15 17 29 17 30 1 14 0 38 20 31 20 18 24 17 7 27 17 16 10 26 13 16 2 13 36 19 32 22 30 23 19 0 19 13 11 20 18 38 15 35 21 53 68 65 37 84 35 90 19 15 32 
42 14 19 14 15 14 22 29 42 34 18 20 18 19 20 5 19 19 39 18 23 17 21 2 12 22 36 19 29 23 32 35 21 32 17 24 13 41 11 20 38 19 0 6 24 39 15 19 4 16 40 34 49 46 18 65 16 71 16 34 13 
36 8 21 18 17 8 16 23 36 28 12 20 12 21 14 1 13 25 33 22 17 11 15 4 6 18 30 13 23 17 26 29 15 26 23 18 19 35 17 14 32 13 6 0 18 33 9 25 2 22 34 40 55 52 24 71 22 77 10 28 19 
18 10 27 24 23 14 2 5 18 10 6 26 6 27 10 19 11 35 15 28 15 7 21 22 18 24 12 5 13 23 8 11 9 8 33 14 29 17 35 20 14 11 24 18 0 15 15 35 20 40 24 50 73 62 42 89 40 87 24 18 37 
3 25 42 39 38 29 17 10 11 19 21 41 21 42 19 34 20 50 14 43 24 22 36 37 27 39 3 20 16 38 7 4 18 7 48 23 44 12 50 35 15 20 39 33 15 0 30 50 35 55 13 65 88 77 57 104 55 102 39 19 52 
33 5 18 9 8 1 13 20 33 25 9 17 9 18 19 10 18 20 30 19 14 8 12 13 11 15 27 10 28 14 23 26 20 23 18 15 14 32 20 11 29 18 15 9 15 30 0 20 11 25 39 35 58 47 27 74 25 72 15 33 22 
53 25 8 11 12 21 33 40 45 37 29 9 29 8 39 24 38 0 42 7 26 28 14 21 31 11 47 30 48 12 43 46 40 43 2 27 10 44 16 15 41 38 19 25 35 50 20 0 23 21 59 15 46 35 23 62 21 52 27 53 18 
38 10 23 18 19 10 18 25 38 30 14 22 14 23 16 1 15 23 35 22 19 13 17 2 8 20 32 15 25 19 28 31 17 28 21 20 17 37 15 16 34 15 4 2 20 35 11 23 0 20 36 38 53 50 22 69 20 75 12 30 17 
58 30 21 16 17 26 38 45 58 50 34 22 34 21 36 21 35 21 55 20 39 33 27 18 28 24 52 35 45 25 48 51 37 48 19 40 15 57 5 28 54 35 16 22 40 55 25 21 20 0 56 18 33 30 2 49 18 55 24 50 3 
10 34 51 48 47 38 26 23 18 26 30 50 30 51 20 35 21 59 21 52 33 31 45 38 28 48 16 29 15 47 20 17 19 20 57 32 53 19 51 44 22 21 40 34 24 13 39 59 36 56 0 74 89 86 58 97 48 111 32 6 53 
68 40 23 26 27 36 48 55 60 52 44 24 44 23 54 39 53 15 57 22 41 43 29 36 46 26 62 45 63 27 58 61 55 58 17 42 21 59 23 30 56 53 34 40 50 65 35 15 38 18 74 0 31 20 16 47 26 37 42 68 21 
91 63 54 49 50 59 71 78 91 83 67 55 67 54 69 54 68 46 88 53 72 66 60 51 61 57 85 68 78 58 81 84 70 81 48 73 44 90 38 61 87 68 49 55 73 88 58 46 53 33 89 31 0 17 31 16 41 22 57 83 36 
80 52 43 38 39 48 60 67 80 72 56 44 56 43 66 51 65 35 77 42 61 55 49 48 58 46 74 57 75 47 70 73 67 70 37 62 33 79 35 50 76 65 46 52 62 77 47 35 50 30 86 20 17 0 28 27 38 25 54 80 33 
60 32 23 18 19 28 40 47 60 52 36 24 36 23 38 23 37 23 57 22 41 35 29 20 30 26 54 37 47 27 50 53 39 50 21 42 17 59 7 30 56 37 18 24 42 57 27 23 22 2 58 16 31 28 0 47 18 53 26 52 5 
107 79 70 65 66 75 87 94 107 99 83 71 83 70 85 70 84 62 104 69 88 82 76 67 77 73 101 84 94 74 97 100 86 97 64 89 60 106 54 77 103 84 65 71 89 104 74 62 69 49 97 47 16 27 47 0 49 22 65 91 52 
58 30 21 16 17 26 38 45 58 50 34 22 34 21 36 21 35 21 55 20 39 33 27 18 28 24 52 35 45 25 48 51 37 48 19 40 15 57 13 28 54 35 16 22 40 55 25 21 20 18 48 26 41 38 18 49 0 63 16 42 15 
105 77 60 63 64 73 85 92 97 89 81 61 81 60 91 76 90 52 94 59 78 80 66 73 83 63 99 82 100 64 95 98 92 95 54 79 58 96 60 67 93 90 71 77 87 102 72 52 75 55 111 37 22 25 53 22 63 0 79 105 58 
42 14 27 22 23 14 22 29 42 34 18 26 18 27 20 11 19 27 39 26 23 17 21 14 12 24 36 19 29 23 32 35 21 32 25 24 21 41 19 20 38 19 16 10 24 39 15 27 12 24 32 42 57 54 26 65 16 79 0 26 21 
16 28 45 42 41 32 20 17 24 22 24 44 24 45 14 29 15 53 27 46 27 25 39 32 22 42 22 23 17 41 20 23 13 20 51 26 47 25 45 38 26 15 34 28 18 19 33 53 30 50 6 68 83 80 52 91 42 105 26 0 47 
55 27 18 13 14 23 35 42 55 47 31 19 31 18 33 18 32 18 52 17 36 30 24 15 25 21 49 32 42 22 45 48 34 45 16 37 12 54 2 25 51 32 13 19 37 52 22 18 17 3 53 21 36 33 5 52 15 58 21 47 0 
