15
0 22 53 29 13 26 51 32 117 128 39 73 19 35 105 119 
22 0 49 25 9 32 29 30 95 106 41 69 9 13 101 117 
53 49 0 28 44 73 30 79 64 75 86 24 54 46 56 166 
29 25 28 0 20 49 22 55 88 99 62 48 30 22 80 142 
13 9 44 20 0 33 38 39 104 115 46 64 14 22 96 126 
26 32 73 49 33 0 61 14 127 138 13 93 29 45 125 93 
51 29 30 22 38 61 0 53 66 81 64 50 32 20 82 140 
32 30 79 55 39 14 53 0 113 128 17 99 25 37 131 93 
117 95 64 88 104 127 66 113 0 21 130 44 98 82 28 202 
128 106 75 99 115 138 81 128 21 0 141 55 109 97 23 217 
39 41 86 62 46 13 64 17 130 141 0 106 36 48 138 80 
73 69 24 48 64 93 50 99 44 55 106 0 74 66 36 186 
19 9 54 30 14 29 32 25 98 109 36 74 0 16 106 112 
35 13 46 22 22 45 20 37 82 97 48 66 16 0 98 124 
105 101 56 80 96 125 82 131 28 23 138 36 106 98 0 218 
119 117 166 142 126 93 140 93 202 217 80 186 112 124 218 0 
