60
0 50 24 23 20 47 82 89 126 100 71 28 67 77 29 92 52 88 15 112 25 76 29 59 44 43 56 65 38 112 68 106 37 99 108 94 111 102 21 75 52 13 117 13 47 108 86 39 53 89 120 45 14 51 49 10 79 51 92 49 90 
50 0 60 61 30 3 32 39 76 50 21 56 17 27 63 42 40 38 65 62 67 26 55 9 40 49 28 27 54 62 18 56 47 49 58 44 61 52 71 25 32 37 67 63 37 58 36 53 31 39 70 5 64 41 35 60 29 33 42 43 40 
24 60 0 1 44 63 58 73 102 76 55 4 51 61 45 76 74 72 31 88 41 52 5 51 20 67 32 61 54 96 52 90 13 83 92 78 87 78 37 51 66 37 93 37 23 84 70 63 65 73 104 65 30 75 69 34 63 67 76 73 66 
23 61 1 0 43 64 59 74 103 77 56 5 52 62 44 77 75 73 30 89 40 53 6 52 21 66 33 62 53 97 53 91 14 84 93 79 88 79 36 52 67 36 94 36 24 85 71 62 66 74 105 66 29 74 70 33 64 68 77 72 67 
20 30 44 43 0 27 62 69 106 80 51 48 47 57 49 72 70 68 35 92 45 56 49 39 64 63 58 57 58 92 48 86 57 79 88 74 91 82 41 55 62 7 97 33 67 88 66 59 61 69 100 25 34 71 65 30 59 63 72 69 70 
47 3 63 64 27 0 35 42 79 53 24 59 20 30 66 45 43 41 62 65 70 29 58 12 43 52 31 30 57 65 21 59 50 52 61 47 64 55 68 28 35 34 70 60 40 61 39 56 34 42 73 2 61 44 38 57 32 36 45 46 43 
82 32 58 59 62 35 0 45 60 48 27 54 23 33 61 48 46 44 75 30 65 24 53 23 38 55 26 33 52 66 24 62 45 55 64 50 29 20 69 7 38 69 35 85 35 26 42 59 37 45 58 37 76 47 41 88 35 39 48 49 8 
89 39 73 74 69 42 45 0 53 63 34 69 22 12 76 55 53 51 90 59 80 39 68 30 53 62 41 40 67 23 21 65 60 10 19 57 60 65 84 38 45 76 54 92 50 63 49 66 44 52 31 44 91 54 48 95 42 46 55 56 53 
126 76 102 103 106 79 60 53 0 26 71 98 67 65 97 66 90 70 111 30 101 50 97 67 82 99 70 77 88 30 68 44 89 43 34 64 31 40 105 67 82 113 25 129 79 34 64 103 81 61 22 81 112 91 85 132 71 83 66 93 52 
100 50 76 77 80 53 48 63 26 0 45 72 41 51 71 66 64 62 85 56 75 24 71 41 56 73 44 51 62 56 42 70 63 69 60 68 57 66 79 41 56 87 51 103 53 60 60 77 55 63 48 55 86 65 59 106 53 57 66 67 56 
71 21 55 56 51 24 27 34 71 45 0 51 12 22 58 29 27 25 72 57 62 21 50 12 35 36 23 14 49 57 13 35 42 44 53 31 56 47 66 20 19 58 62 66 32 53 15 40 18 18 65 26 73 28 22 69 8 20 29 30 35 
28 56 4 5 48 59 54 69 98 72 51 0 47 57 49 72 70 68 35 84 45 48 1 47 16 71 28 57 58 92 48 86 9 79 88 74 83 74 41 47 62 41 89 41 19 80 66 67 61 69 100 61 34 71 65 38 59 63 72 73 62 
67 17 51 52 47 20 23 22 67 41 12 47 0 10 54 33 31 29 68 53 58 17 46 8 31 40 19 18 45 45 1 47 38 32 41 35 52 43 62 16 23 54 58 70 28 49 27 44 22 30 53 22 69 32 26 73 20 24 33 34 31 
77 27 61 62 57 30 33 12 65 51 22 57 10 0 64 43 41 39 78 63 68 27 56 18 41 50 29 28 55 35 9 57 48 22 31 45 62 53 72 26 33 64 66 80 38 59 37 54 32 40 43 32 79 42 36 83 30 34 43 44 41 
29 63 45 44 49 66 61 76 97 71 58 49 54 64 0 79 77 75 14 91 4 47 50 54 65 72 57 64 9 99 55 93 58 86 95 81 90 81 8 54 69 42 96 42 66 87 73 68 68 76 107 68 15 78 72 39 66 70 79 78 69 
92 42 76 77 72 45 48 55 66 66 29 72 33 43 79 0 40 4 93 72 83 42 71 33 56 49 44 27 70 64 34 64 63 65 68 2 73 68 87 41 40 79 67 79 53 74 44 53 39 47 56 47 94 41 43 82 37 41 0 43 56 
52 40 74 75 70 43 46 53 90 64 27 70 31 41 77 40 0 36 67 76 77 40 69 31 54 9 42 13 68 76 32 62 61 63 72 42 75 66 73 39 38 65 81 39 51 72 42 13 37 45 84 45 66 1 41 42 35 39 40 3 54 
88 38 72 73 68 41 44 51 70 62 25 68 29 39 75 4 36 0 89 74 79 38 67 29 52 45 40 23 66 68 30 60 59 61 70 6 73 64 83 37 36 75 71 75 49 70 40 49 35 43 60 43 90 37 39 78 33 37 4 39 52 
15 65 31 30 35 62 75 90 111 85 72 35 68 78 14 93 67 89 0 105 10 61 36 68 51 58 63 78 23 113 69 107 44 100 109 95 104 95 6 68 67 28 110 28 54 101 87 54 68 90 121 60 1 66 64 25 80 66 93 64 83 
112 62 88 89 92 65 30 59 30 56 57 84 53 63 91 72 76 74 105 0 95 54 83 53 68 85 56 63 82 36 54 50 75 49 40 70 1 10 99 37 68 99 5 115 65 4 70 89 67 67 28 67 106 77 71 118 65 69 72 79 22 
25 67 41 40 45 70 65 80 101 75 62 45 58 68 4 83 77 79 10 95 0 51 46 58 61 68 61 68 13 103 59 97 54 90 99 85 94 85 4 58 73 38 100 38 64 91 77 64 72 80 111 70 11 76 74 35 70 74 83 74 73 
76 26 52 53 56 29 24 39 50 24 21 48 17 27 47 42 40 38 61 54 51 0 47 17 32 49 20 27 38 62 18 56 39 49 58 44 53 44 55 17 32 63 59 79 29 50 36 53 31 39 70 31 62 41 35 82 29 33 42 43 32 
29 55 5 6 49 58 53 68 97 71 50 1 46 56 50 71 69 67 36 83 46 47 0 46 15 72 27 56 59 91 47 85 8 78 87 73 82 73 42 46 61 42 88 42 18 79 65 68 60 68 99 60 35 70 64 39 58 62 71 72 61 
59 9 51 52 39 12 23 30 67 41 12 47 8 18 54 33 31 29 68 53 58 17 46 0 31 40 19 18 45 53 9 47 38 40 49 35 52 43 62 16 23 46 58 70 28 49 27 44 22 30 61 14 69 32 26 69 20 24 33 34 31 
44 40 20 21 64 43 38 53 82 56 35 16 31 41 65 56 54 52 51 68 61 32 15 31 0 63 12 41 60 76 32 70 7 63 72 58 67 58 57 31 46 57 73 57 3 64 50 67 45 53 84 45 50 55 49 54 43 47 56 57 46 
43 49 67 66 63 52 55 62 99 73 36 71 40 50 72 49 9 45 58 85 68 49 72 40 63 0 51 22 77 85 41 71 70 72 81 51 84 75 64 48 47 56 90 30 60 81 51 4 46 54 93 54 57 8 50 33 44 48 49 6 63 
56 28 32 33 58 31 26 41 70 44 23 28 19 29 57 44 42 40 63 56 61 20 27 19 12 51 0 29 48 64 20 58 19 51 60 46 55 46 65 19 34 65 61 69 9 52 38 55 33 41 72 33 62 43 37 66 31 35 44 45 34 
65 27 61 62 57 30 33 40 77 51 14 57 18 28 64 27 13 23 78 63 68 27 56 18 41 22 29 0 55 63 19 49 48 50 59 29 62 53 72 26 25 64 68 52 38 59 29 26 24 32 71 32 79 14 28 55 22 26 27 16 41 
38 54 54 53 58 57 52 67 88 62 49 58 45 55 9 70 68 66 23 82 13 38 59 45 60 77 48 55 0 90 46 84 67 77 86 72 81 72 17 45 60 51 87 51 57 78 64 77 59 67 98 59 24 69 63 48 57 61 70 71 60 
112 62 96 97 92 65 66 23 30 56 57 92 45 35 99 64 76 68 113 36 103 62 91 53 76 85 64 63 90 0 44 42 83 13 4 62 37 46 107 61 68 99 31 115 73 40 62 89 67 59 8 67 114 77 71 118 65 69 64 79 58 
68 18 52 53 48 21 24 21 68 42 13 48 1 9 55 34 32 30 69 54 59 18 47 9 32 41 20 19 46 44 0 48 39 31 40 36 53 44 63 17 24 55 59 71 29 50 28 45 23 31 52 23 70 33 27 74 21 25 34 35 32 
106 56 90 91 86 59 62 65 44 70 35 86 47 57 93 64 62 60 107 50 97 56 85 47 70 71 58 49 84 42 48 0 77 55 46 66 51 60 101 55 54 93 45 101 67 54 20 75 53 17 34 61 108 63 57 104 27 55 64 65 70 
37 47 13 14 57 50 45 60 89 63 42 9 38 48 58 63 61 59 44 75 54 39 8 38 7 70 19 48 67 83 39 77 0 70 79 65 74 65 50 38 53 50 80 50 10 71 57 74 52 60 91 52 43 62 56 47 50 54 63 64 53 
99 49 83 84 79 52 55 10 43 69 44 79 32 22 86 65 63 61 100 49 90 49 78 40 63 72 51 50 77 13 31 55 70 0 9 67 50 59 94 48 55 86 44 102 60 53 59 76 54 62 21 54 101 64 58 105 52 56 65 66 63 
108 58 92 93 88 61 64 19 34 60 53 88 41 31 95 68 72 70 109 40 99 58 87 49 72 81 60 59 86 4 40 46 79 9 0 66 41 50 103 57 64 95 35 111 69 44 66 85 63 63 12 63 110 73 67 114 61 65 68 75 62 
94 44 78 79 74 47 50 57 64 68 31 74 35 45 81 2 42 6 95 70 85 44 73 35 58 51 46 29 72 62 36 66 65 67 66 0 71 70 89 43 42 81 65 81 55 74 46 55 41 49 54 49 96 43 45 84 39 43 2 45 58 
111 61 87 88 91 64 29 60 31 57 56 83 52 62 90 73 75 73 104 1 94 53 82 52 67 84 55 62 81 37 53 51 74 50 41 71 0 9 98 36 67 98 6 114 64 3 71 88 66 68 29 66 105 76 70 117 64 68 73 78 21 
102 52 78 79 82 55 20 65 40 66 47 74 43 53 81 68 66 64 95 10 85 44 73 43 58 75 46 53 72 46 44 60 65 59 50 70 9 0 89 27 58 89 15 105 55 6 62 79 57 65 38 57 96 67 61 108 55 59 68 69 12 
21 71 37 36 41 68 69 84 105 79 66 41 62 72 8 87 73 83 6 99 4 55 42 62 57 64 65 72 17 107 63 101 50 94 103 89 98 89 0 62 73 34 104 34 60 95 81 60 74 84 115 66 7 72 70 31 74 72 87 70 77 
75 25 51 52 55 28 7 38 67 41 20 47 16 26 54 41 39 37 68 37 58 17 46 16 31 48 19 26 45 61 17 55 38 48 57 43 36 27 62 0 31 62 42 78 28 33 35 52 30 38 65 30 69 40 34 81 28 32 41 42 15 
52 32 66 67 62 35 38 45 82 56 19 62 23 33 69 40 38 36 67 68 73 32 61 23 46 47 34 25 60 68 24 54 53 55 64 42 67 58 73 31 0 65 73 57 43 64 34 51 1 37 76 37 66 39 3 54 27 1 40 41 46 
13 37 37 36 7 34 69 76 113 87 58 41 54 64 42 79 65 75 28 99 38 63 42 46 57 56 65 64 51 99 55 93 50 86 95 81 98 89 34 62 65 0 104 26 60 95 73 52 66 76 107 32 27 64 62 23 66 64 79 62 77 
117 67 93 94 97 70 35 54 25 51 62 89 58 66 96 67 81 71 110 5 100 59 88 58 73 90 61 68 87 31 59 45 80 44 35 65 6 15 104 42 73 104 0 120 70 9 65 94 72 62 23 72 111 82 76 123 70 74 67 84 27 
13 63 37 36 33 60 85 92 129 103 66 41 70 80 42 79 39 75 28 115 38 79 42 70 57 30 69 52 51 115 71 101 50 102 111 81 114 105 34 78 57 26 120 0 60 111 81 26 58 84 123 58 27 38 54 3 74 56 79 36 93 
47 37 23 24 67 40 35 50 79 53 32 19 28 38 66 53 51 49 54 65 64 29 18 28 3 60 9 38 57 73 29 67 10 60 69 55 64 55 60 28 43 60 70 60 0 61 47 64 42 50 81 42 53 52 46 57 40 44 53 54 43 
108 58 84 85 88 61 26 63 34 60 53 80 49 59 87 74 72 70 101 4 91 50 79 49 64 81 52 59 78 40 50 54 71 53 44 74 3 6 95 33 64 95 9 111 61 0 68 85 63 71 32 63 102 73 67 114 61 65 74 75 18 
86 36 70 71 66 39 42 49 64 60 15 66 27 37 73 44 42 40 87 70 77 36 65 27 50 51 38 29 64 62 28 20 57 59 66 46 71 62 81 35 34 73 65 81 47 68 0 55 33 3 54 41 88 43 37 84 7 35 44 45 50 
39 53 63 62 59 56 59 66 103 77 40 67 44 54 68 53 13 49 54 89 64 53 68 44 67 4 55 26 77 89 45 75 74 76 85 55 88 79 60 52 51 52 94 26 64 85 55 0 50 58 97 58 53 12 54 29 48 52 53 10 67 
53 31 65 66 61 34 37 44 81 55 18 61 22 32 68 39 37 35 68 67 72 31 60 22 45 46 33 24 59 67 23 53 52 54 63 41 66 57 74 30 1 66 72 58 42 63 33 50 0 36 75 36 67 38 4 55 26 2 39 40 45 
89 39 73 74 69 42 45 52 61 63 18 69 30 40 76 47 45 43 90 67 80 39 68 30 53 54 41 32 67 59 31 17 60 62 63 49 68 65 84 38 37 76 62 84 50 71 3 58 36 0 51 44 91 46 40 87 10 38 47 48 53 
120 70 104 105 100 73 58 31 22 48 65 100 53 43 107 56 84 60 121 28 111 70 99 61 84 93 72 71 98 8 52 34 91 21 12 54 29 38 115 65 76 107 23 123 81 32 54 97 75 51 0 75 122 85 79 126 61 77 56 87 50 
45 5 65 66 25 2 37 44 81 55 26 61 22 32 68 47 45 43 60 67 70 31 60 14 45 54 33 32 59 67 23 61 52 54 63 49 66 57 66 30 37 32 72 58 42 63 41 58 36 44 75 0 59 46 40 55 34 38 47 48 45 
14 64 30 29 34 61 76 91 112 86 73 34 69 79 15 94 66 90 1 106 11 62 35 69 50 57 62 79 24 114 70 108 43 101 110 96 105 96 7 69 66 27 111 27 53 102 88 53 67 91 122 59 0 65 63 24 81 65 94 63 84 
51 41 75 74 71 44 47 54 91 65 28 71 32 42 78 41 1 37 66 77 76 41 70 32 55 8 43 14 69 77 33 63 62 64 73 43 76 67 72 40 39 64 82 38 52 73 43 12 38 46 85 46 65 0 42 41 36 40 41 2 55 
49 35 69 70 65 38 41 48 85 59 22 65 26 36 72 43 41 39 64 71 74 35 64 26 49 50 37 28 63 71 27 57 56 58 67 45 70 61 70 34 3 62 76 54 46 67 37 54 4 40 79 40 63 42 0 51 30 2 43 44 49 
10 60 34 33 30 57 88 95 132 106 69 38 73 83 39 82 42 78 25 118 35 82 39 69 54 33 66 55 48 118 74 104 47 105 114 84 117 108 31 81 54 23 123 3 57 114 84 29 55 87 126 55 24 41 51 0 77 53 82 39 96 
79 29 63 64 59 32 35 42 71 53 8 59 20 30 66 37 35 33 80 65 70 29 58 20 43 44 31 22 57 65 21 27 50 52 61 39 64 55 74 28 27 66 70 74 40 61 7 48 26 10 61 34 81 36 30 77 0 28 37 38 43 
51 33 67 68 63 36 39 46 83 57 20 63 24 34 70 41 39 37 66 69 74 33 62 24 47 48 35 26 61 69 25 55 54 56 65 43 68 59 72 32 1 64 74 56 44 65 35 52 2 38 77 38 65 40 2 53 28 0 41 42 47 
92 42 76 77 72 45 48 55 66 66 29 72 33 43 79 0 40 4 93 72 83 42 71 33 56 49 44 27 70 64 34 64 63 65 68 2 73 68 87 41 40 79 67 79 53 74 44 53 39 47 56 47 94 41 43 82 37 41 0 43 56 
49 43 73 72 69 46 49 56 93 67 30 73 34 44 78 43 3 39 64 79 74 43 72 34 57 6 45 16 71 79 35 65 64 66 75 45 78 69 70 42 41 62 84 36 54 75 45 10 40 48 87 48 63 2 44 39 38 42 43 0 57 
90 40 66 67 70 43 8 53 52 56 35 62 31 41 69 56 54 52 83 22 73 32 61 31 46 63 34 41 60 58 32 70 53 63 62 58 21 12 77 15 46 77 27 93 43 18 50 67 45 53 50 45 84 55 49 96 43 47 56 57 0 
