15
0 28 20 15 12 24 43 43 75 68 36 25 28 39 32 61 
28 0 24 21 16 12 15 23 47 40 20 27 12 11 36 41 
20 24 0 11 14 28 31 47 55 48 40 9 32 35 18 65 
15 21 11 0 11 25 28 44 60 53 37 14 29 32 23 62 
12 16 14 11 0 20 31 39 63 56 32 17 24 27 26 57 
24 12 28 25 20 0 27 19 59 52 12 31 12 23 40 37 
43 15 31 28 31 27 0 20 32 29 23 34 15 8 43 38 
43 23 47 44 39 19 20 0 40 41 15 50 15 16 59 30 
75 47 55 60 63 59 32 40 0 15 55 50 47 36 43 62 
68 40 48 53 56 52 29 41 15 0 48 43 40 33 36 63 
36 20 40 37 32 12 23 15 55 48 0 43 18 19 52 25 
25 27 9 14 17 31 34 50 50 43 43 0 35 38 13 68 
28 12 32 29 24 12 15 15 47 40 18 35 0 11 44 33 
39 11 35 32 27 23 8 16 36 33 19 38 11 0 47 34 
32 36 18 23 26 40 43 59 43 36 52 13 44 47 0 77 
61 41 65 62 57 37 38 30 62 63 25 68 33 34 77 0 
