60
0 13 17 21 37 16 92 108 29 9 17 101 97 113 68 113 13 85 8 21 56 12 16 112 28 29 45 37 48 41 40 69 45 32 20 17 97 37 61 9 61 81 40 33 76 112 29 56 109 107 63 98 124 58 70 41 120 65 98 68 95 
13 0 4 32 28 29 85 101 40 8 8 112 108 124 61 104 24 96 9 32 69 25 9 125 21 20 36 48 41 32 33 80 56 45 13 28 108 28 72 20 72 92 33 44 69 105 20 49 120 114 70 105 131 45 77 28 107 72 105 75 102 
17 4 0 32 28 29 85 101 40 8 8 112 108 124 61 104 24 96 9 32 69 25 9 125 21 20 36 48 41 32 33 80 56 45 13 28 108 28 72 20 72 92 33 44 69 105 20 49 120 110 66 105 127 41 73 24 103 68 105 71 98 
21 32 32 0 56 9 113 129 12 28 36 84 80 96 89 132 12 68 29 0 41 13 37 97 49 48 64 20 69 60 61 52 28 17 41 8 80 56 44 16 44 64 61 16 97 133 48 77 92 86 42 77 103 73 49 56 135 44 77 47 74 
37 28 28 56 0 53 61 77 64 32 24 136 132 148 37 80 48 120 33 56 93 49 25 149 13 12 12 72 17 8 9 104 80 69 21 52 132 0 96 44 96 116 9 68 45 81 12 25 144 138 94 129 155 21 101 36 83 96 129 99 126 
16 29 29 9 53 0 108 124 17 25 33 89 85 101 84 129 9 73 24 9 44 8 32 100 44 45 61 25 64 57 56 57 33 20 36 1 85 53 49 13 49 69 56 21 92 128 45 72 97 91 47 82 108 70 54 53 132 49 82 52 79 
92 85 85 113 61 108 0 20 121 89 81 193 189 205 28 25 105 177 88 113 148 104 80 204 68 69 53 129 48 57 56 161 137 124 76 109 189 61 153 101 153 173 56 125 20 24 69 40 201 195 151 186 212 54 158 93 28 153 186 156 183 
108 101 101 129 77 124 20 0 137 105 97 209 205 221 44 9 121 193 104 129 164 120 96 220 84 85 69 145 64 73 72 177 153 140 92 125 205 77 169 117 169 189 72 141 36 8 85 56 217 211 167 202 228 70 174 109 20 169 202 172 199 
29 40 40 12 64 17 121 137 0 36 44 76 72 88 97 140 20 60 37 12 33 21 45 89 57 56 72 12 77 68 69 44 20 9 49 16 72 64 36 24 36 56 69 8 105 141 56 85 84 78 34 69 95 81 41 64 143 36 69 39 66 
9 8 8 28 32 25 89 105 36 0 12 108 104 120 65 108 20 92 1 28 65 21 13 121 25 24 40 44 45 36 37 76 52 41 17 24 104 32 68 16 68 88 37 40 73 109 24 53 116 110 66 101 127 49 73 32 111 68 101 71 98 
17 8 8 36 24 33 81 97 44 12 0 116 112 128 57 100 28 100 13 36 73 29 1 129 17 16 32 52 37 28 29 84 60 49 9 32 112 24 76 24 76 96 29 48 65 101 16 45 124 118 74 109 135 41 81 24 103 76 109 79 106 
101 112 112 84 136 89 193 209 76 108 116 0 8 16 169 212 92 20 109 84 49 93 117 17 129 128 144 68 149 140 141 36 60 73 121 88 8 136 44 96 44 24 141 72 177 213 128 157 12 22 58 13 23 153 49 136 215 76 13 63 34 
97 108 108 80 132 85 189 205 72 104 112 8 0 20 165 208 88 16 105 80 45 89 113 21 125 124 140 64 145 136 137 32 56 69 117 84 0 132 40 92 40 20 137 68 173 209 124 153 16 18 54 9 27 149 45 132 211 72 9 59 30 
113 124 124 96 148 101 205 221 88 120 128 16 20 0 181 224 104 32 121 96 61 105 129 1 141 140 156 80 161 152 153 48 72 85 133 100 20 148 56 108 56 36 153 84 189 225 140 169 8 34 70 25 19 165 61 148 227 88 25 75 46 
68 61 61 89 37 84 28 44 97 65 57 169 165 181 0 49 81 153 64 89 124 80 56 180 44 45 29 105 24 33 32 137 113 100 52 85 165 37 129 77 129 149 32 101 12 48 45 16 177 171 127 162 188 30 134 69 52 129 162 132 159 
113 104 104 132 80 129 25 9 140 108 100 212 208 224 49 0 124 196 109 132 169 125 101 225 89 88 72 148 69 76 77 180 156 145 97 128 208 80 172 120 172 192 77 144 41 1 88 61 220 214 170 205 231 73 177 112 23 172 205 175 202 
13 24 24 12 48 9 105 121 20 20 28 92 88 104 81 124 0 76 21 12 49 1 29 105 41 40 56 28 61 52 53 60 36 25 33 8 88 48 52 8 52 72 53 24 89 125 40 69 100 94 50 85 111 65 57 48 127 52 85 55 82 
85 96 96 68 120 73 177 193 60 92 100 20 16 32 153 196 76 0 93 68 33 77 101 33 113 112 128 52 133 124 125 20 44 57 105 72 16 120 28 80 28 8 125 56 161 197 112 141 28 22 42 13 39 137 33 120 199 60 13 47 18 
8 9 9 29 33 24 88 104 37 1 13 109 105 121 64 109 21 93 0 29 64 20 12 120 24 25 41 45 44 37 36 77 53 40 16 25 105 33 69 17 69 89 36 41 72 108 25 52 117 111 67 102 128 50 74 33 112 69 102 72 99 
21 32 32 0 56 9 113 129 12 28 36 84 80 96 89 132 12 68 29 0 41 13 37 97 49 48 64 20 69 60 61 52 28 17 41 8 80 56 44 16 44 64 61 16 97 133 48 77 92 86 42 77 103 73 49 56 135 44 77 47 74 
56 69 69 41 93 44 148 164 33 65 73 49 45 61 124 169 49 33 64 41 0 48 72 60 84 85 101 25 104 97 96 17 17 28 76 45 45 93 9 53 9 29 96 29 132 168 85 112 57 51 15 42 68 110 14 93 172 33 42 20 39 
12 25 25 13 49 8 104 120 21 21 29 93 89 105 80 125 1 77 20 13 48 0 28 104 40 41 57 29 60 53 52 61 37 24 32 9 89 49 53 9 53 73 52 25 88 124 41 68 101 95 51 86 112 66 58 49 128 53 86 56 83 
16 9 9 37 25 32 80 96 45 13 1 117 113 129 56 101 29 101 12 37 72 28 0 128 16 17 33 53 36 29 28 85 61 48 8 33 113 25 77 25 77 97 28 49 64 100 17 44 125 119 75 110 136 42 82 25 104 77 110 80 107 
112 125 125 97 149 100 204 220 89 121 129 17 21 1 180 225 105 33 120 97 60 104 128 0 140 141 157 81 160 153 152 49 73 84 132 101 21 149 57 109 57 37 152 85 188 224 141 168 9 35 71 26 20 166 62 149 228 89 26 76 47 
28 21 21 49 13 44 68 84 57 25 17 129 125 141 44 89 41 113 24 49 84 40 16 140 0 1 21 65 24 17 16 97 73 60 12 45 125 13 89 37 89 109 16 61 52 88 1 32 137 131 87 122 148 30 94 29 92 89 122 92 119 
29 20 20 48 12 45 69 85 56 24 16 128 124 140 45 88 40 112 25 48 85 41 17 141 1 0 20 64 25 16 17 96 72 61 13 44 124 12 88 36 88 108 17 60 53 89 0 33 136 130 86 121 147 29 93 28 91 88 121 91 118 
45 36 36 64 12 61 53 69 72 40 32 144 140 156 29 72 56 128 41 64 101 57 33 157 21 20 0 80 9 8 9 112 88 77 29 60 140 12 104 52 104 124 9 76 37 73 20 17 152 146 102 137 163 13 109 44 75 104 137 107 134 
37 48 48 20 72 25 129 145 12 44 52 68 64 80 105 148 28 52 45 20 25 29 53 81 65 64 80 0 85 76 77 36 12 9 57 24 64 72 28 32 28 48 77 8 113 149 64 93 76 70 26 61 87 89 33 72 151 28 61 31 58 
48 41 41 69 17 64 48 64 77 45 37 149 145 161 24 69 61 133 44 69 104 60 36 160 24 25 9 85 0 13 12 117 93 80 32 65 145 17 109 57 109 129 12 81 32 68 25 12 157 151 107 142 168 10 114 49 72 109 142 112 139 
41 32 32 60 8 57 57 73 68 36 28 140 136 152 33 76 52 124 37 60 97 53 29 153 17 16 8 76 13 0 1 108 84 73 25 56 136 8 100 48 100 120 1 72 41 77 16 21 148 142 98 133 159 17 105 40 79 100 133 103 130 
40 33 33 61 9 56 56 72 69 37 29 141 137 153 32 77 53 125 36 61 96 52 28 152 16 17 9 77 12 1 0 109 85 72 24 57 137 9 101 49 101 121 0 73 40 76 17 20 149 143 99 134 160 18 106 41 80 101 134 104 131 
69 80 80 52 104 57 161 177 44 76 84 36 32 48 137 180 60 20 77 52 17 61 85 49 97 96 112 36 117 108 109 0 28 41 89 56 32 104 12 64 12 16 109 40 145 181 96 125 44 38 26 29 55 121 17 104 183 44 29 31 26 
45 56 56 28 80 33 137 153 20 52 60 60 56 72 113 156 36 44 53 28 17 37 61 73 73 72 88 12 93 84 85 28 0 17 65 32 56 80 20 40 20 40 85 16 121 157 72 101 68 62 18 53 79 97 25 80 159 20 53 23 50 
32 45 45 17 69 20 124 140 9 41 49 73 69 85 100 145 25 57 40 17 28 24 48 84 60 61 77 9 80 73 72 41 17 0 52 21 69 69 33 29 33 53 72 1 108 144 61 88 81 75 31 66 92 86 38 69 148 33 66 36 63 
20 13 13 41 21 36 76 92 49 17 9 121 117 133 52 97 33 105 16 41 76 32 8 132 12 13 29 57 32 25 24 89 65 52 0 37 117 21 81 29 81 101 24 53 60 96 13 40 129 123 79 114 140 38 86 21 100 81 114 84 111 
17 28 28 8 52 1 109 125 16 24 32 88 84 100 85 128 8 72 25 8 45 9 33 101 45 44 60 24 65 56 57 56 32 21 37 0 84 52 48 12 48 68 57 20 93 129 44 73 96 90 46 81 107 69 53 52 131 48 81 51 78 
97 108 108 80 132 85 189 205 72 104 112 8 0 20 165 208 88 16 105 80 45 89 113 21 125 124 140 64 145 136 137 32 56 69 117 84 0 132 40 92 40 20 137 68 173 209 124 153 16 18 54 9 27 149 45 132 211 72 9 59 30 
37 28 28 56 0 53 61 77 64 32 24 136 132 148 37 80 48 120 33 56 93 49 25 149 13 12 12 72 17 8 9 104 80 69 21 52 132 0 96 44 96 116 9 68 45 81 12 25 144 138 94 129 155 21 101 36 83 96 129 99 126 
61 72 72 44 96 49 153 169 36 68 76 44 40 56 129 172 52 28 69 44 9 53 77 57 89 88 104 28 109 100 101 12 20 33 81 48 40 96 0 56 0 24 101 32 137 173 88 117 52 46 18 37 63 113 9 96 175 36 37 23 34 
9 20 20 16 44 13 101 117 24 16 24 96 92 108 77 120 8 80 17 16 53 9 25 109 37 36 52 32 57 48 49 64 40 29 29 12 92 44 56 0 56 76 49 28 85 121 36 65 104 98 54 89 115 61 61 44 123 56 89 59 86 
61 72 72 44 96 49 153 169 36 68 76 44 40 56 129 172 52 28 69 44 9 53 77 57 89 88 104 28 109 100 101 12 20 33 81 48 40 96 0 56 0 24 101 32 137 173 88 117 52 46 18 37 63 113 9 96 175 36 37 23 34 
81 92 92 64 116 69 173 189 56 88 96 24 20 36 149 192 72 8 89 64 29 73 97 37 109 108 124 48 129 120 121 16 40 53 101 68 20 116 24 76 24 0 121 52 157 193 108 137 32 26 38 17 43 133 29 116 195 56 17 43 14 
40 33 33 61 9 56 56 72 69 37 29 141 137 153 32 77 53 125 36 61 96 52 28 152 16 17 9 77 12 1 0 109 85 72 24 57 137 9 101 49 101 121 0 73 40 76 17 20 149 143 99 134 160 18 106 41 80 101 134 104 131 
33 44 44 16 68 21 125 141 8 40 48 72 68 84 101 144 24 56 41 16 29 25 49 85 61 60 76 8 81 72 73 40 16 1 53 20 68 68 32 28 32 52 73 0 109 145 60 89 80 74 30 65 91 85 37 68 147 32 65 35 62 
76 69 69 97 45 92 20 36 105 73 65 177 173 189 12 41 89 161 72 97 132 88 64 188 52 53 37 113 32 41 40 145 121 108 60 93 173 45 137 85 137 157 40 109 0 40 53 24 185 179 135 170 196 38 142 77 44 137 170 140 167 
112 105 105 133 81 128 24 8 141 109 101 213 209 225 48 1 125 197 108 133 168 124 100 224 88 89 73 149 68 77 76 181 157 144 96 129 209 81 173 121 173 193 76 145 40 0 89 60 221 215 171 206 232 74 178 113 24 173 206 176 203 
29 20 20 48 12 45 69 85 56 24 16 128 124 140 45 88 40 112 25 48 85 41 17 141 1 0 20 64 25 16 17 96 72 61 13 44 124 12 88 36 88 108 17 60 53 89 0 33 136 130 86 121 147 29 93 28 91 88 121 91 118 
56 49 49 77 25 72 40 56 85 53 45 157 153 169 16 61 69 141 52 77 112 68 44 168 32 33 17 93 12 21 20 125 101 88 40 73 153 25 117 65 117 137 20 89 24 60 33 0 165 159 115 150 176 18 122 57 64 117 150 120 147 
109 120 120 92 144 97 201 217 84 116 124 12 16 8 177 220 100 28 117 92 57 101 125 9 137 136 152 76 157 148 149 44 68 81 129 96 16 144 52 104 52 32 149 80 185 221 136 165 0 30 66 21 15 161 57 144 223 84 21 71 42 
107 114 110 86 138 91 195 211 78 110 118 22 18 34 171 214 94 22 111 86 51 95 119 35 131 130 146 70 151 142 143 38 62 75 123 90 18 138 46 98 46 26 143 74 179 215 130 159 30 0 44 9 21 141 37 114 197 54 9 45 16 
63 70 66 42 94 47 151 167 34 66 74 58 54 70 127 170 50 42 67 42 15 51 75 71 87 86 102 26 107 98 99 26 18 31 79 46 54 94 18 54 18 38 99 30 135 171 86 115 66 44 0 45 61 101 13 78 157 18 45 5 32 
98 105 105 77 129 82 186 202 69 101 109 13 9 25 162 205 85 13 102 77 42 86 110 26 122 121 137 61 142 133 134 29 53 66 114 81 9 129 37 89 37 17 134 65 170 206 121 150 21 9 45 0 26 140 36 123 202 63 0 50 21 
124 131 127 103 155 108 212 228 95 127 135 23 27 19 188 231 111 39 128 103 68 112 136 20 148 147 163 87 168 159 160 55 79 92 140 107 27 155 63 115 63 43 160 91 196 232 147 176 15 21 61 26 0 158 54 129 212 69 26 60 33 
58 45 41 73 21 70 54 70 81 49 41 153 149 165 30 73 65 137 50 73 110 66 42 166 30 29 13 89 10 17 18 121 97 86 38 69 149 21 113 61 113 133 18 85 38 74 29 18 161 141 101 140 158 0 108 39 62 99 140 102 129 
70 77 73 49 101 54 158 174 41 73 81 49 45 61 134 177 57 33 74 49 14 58 82 62 94 93 109 33 114 105 106 17 25 38 86 53 45 101 9 61 9 29 106 37 142 178 93 122 57 37 13 36 54 108 0 87 166 27 36 14 25 
41 28 24 56 36 53 93 109 64 32 24 136 132 148 69 112 48 120 33 56 93 49 25 149 29 28 44 72 49 40 41 104 80 69 21 52 132 36 96 44 96 116 41 68 77 113 28 57 144 114 78 123 129 39 87 0 89 64 123 73 102 
120 107 103 135 83 132 28 20 143 111 103 215 211 227 52 23 127 199 112 135 172 128 104 228 92 91 75 151 72 79 80 183 159 148 100 131 211 83 175 123 175 195 80 147 44 24 91 64 223 197 157 202 212 62 166 89 0 149 202 156 185 
65 72 68 44 96 49 153 169 36 68 76 76 72 88 129 172 52 60 69 44 33 53 77 89 89 88 104 28 109 100 101 44 20 33 81 48 72 96 36 56 36 56 101 32 137 173 88 117 84 54 18 63 69 99 27 64 149 0 63 13 42 
98 105 105 77 129 82 186 202 69 101 109 13 9 25 162 205 85 13 102 77 42 86 110 26 122 121 137 61 142 133 134 29 53 66 114 81 9 129 37 89 37 17 134 65 170 206 121 150 21 9 45 0 26 140 36 123 202 63 0 50 21 
68 75 71 47 99 52 156 172 39 71 79 63 59 75 132 175 55 47 72 47 20 56 80 76 92 91 107 31 112 103 104 31 23 36 84 51 59 99 23 59 23 43 104 35 140 176 91 120 71 45 5 50 60 102 14 73 156 13 50 0 33 
95 102 98 74 126 79 183 199 66 98 106 34 30 46 159 202 82 18 99 74 39 83 107 47 119 118 134 58 139 130 131 26 50 63 111 78 30 126 34 86 34 14 131 62 167 203 118 147 42 16 32 21 33 129 25 102 185 42 21 33 0 
