60
0 11 25 17 17 12 13 8 22 28 14 29 6 9 37 29 28 29 19 33 30 11 24 29 15 27 33 3 10 15 25 7 11 8 14 16 14 16 11 21 16 13 6 24 18 6 20 21 13 26 73 44 38 34 27 79 37 69 58 60 40 
11 0 14 6 6 15 14 19 25 31 21 18 13 2 26 38 31 38 22 22 29 16 19 30 12 32 26 14 17 26 18 4 14 3 13 19 17 11 14 30 19 22 5 27 25 13 23 30 14 23 62 41 27 33 24 68 26 58 55 57 37 
25 14 0 12 12 21 12 25 19 21 27 8 19 16 16 44 37 44 14 12 19 22 9 36 10 38 16 22 23 34 8 18 14 17 11 25 11 9 14 36 25 28 19 33 31 19 29 36 12 29 48 47 17 23 26 54 20 44 57 59 39 
17 6 12 0 0 13 12 17 27 29 19 16 11 8 24 36 29 36 22 20 27 14 17 28 10 30 24 14 15 26 16 10 14 9 11 17 19 9 14 28 17 20 11 25 23 11 21 28 12 21 56 39 25 31 18 62 20 52 49 51 31 
17 6 12 0 0 13 12 17 27 29 19 16 11 8 24 36 29 36 22 20 27 14 17 28 10 30 24 14 15 26 16 10 14 9 11 17 19 9 14 28 17 20 11 25 23 11 21 28 12 21 56 39 25 31 18 62 20 52 49 51 31 
12 15 21 13 13 0 21 4 34 38 12 25 12 17 33 29 22 29 31 29 36 1 26 21 19 23 33 15 2 19 25 19 23 18 20 10 26 18 23 21 10 13 18 18 16 12 14 21 21 14 69 32 34 40 23 75 33 65 46 48 28 
13 14 12 12 12 21 0 21 19 25 27 16 19 14 24 42 37 42 16 20 27 22 17 36 2 38 24 16 23 28 16 12 2 13 1 25 11 3 2 34 25 26 11 33 31 19 29 34 0 29 60 47 25 31 30 66 24 56 61 63 43 
8 19 25 17 17 4 21 0 30 36 14 29 14 17 37 29 26 29 27 33 38 3 30 25 23 27 37 11 2 15 29 15 19 16 22 14 22 22 19 21 14 13 14 22 18 14 18 21 21 18 73 36 38 42 27 79 37 69 50 52 32 
22 25 19 27 27 34 19 30 0 10 36 15 28 23 15 51 50 51 9 11 12 33 14 51 21 49 15 25 32 37 15 21 17 22 20 38 12 22 17 43 38 35 20 46 40 28 42 43 19 44 51 62 16 16 45 57 39 55 76 78 58 
28 31 21 29 29 38 25 36 10 0 42 17 34 29 9 57 54 57 15 13 2 39 18 53 27 55 5 31 38 43 17 27 23 28 26 42 18 26 23 49 42 41 26 50 46 34 46 49 25 46 53 64 18 14 47 51 41 57 78 80 60 
14 21 27 19 19 12 27 14 36 42 0 31 18 23 39 27 20 27 33 35 42 13 32 19 25 21 39 17 14 13 31 21 25 22 26 2 28 24 25 19 2 1 20 16 14 18 12 19 27 12 75 30 40 46 29 81 39 71 44 46 26 
29 18 8 16 16 25 16 29 15 17 31 0 23 20 12 48 41 48 10 8 15 26 5 40 14 42 12 26 27 38 4 22 18 21 15 29 15 13 18 40 29 32 23 37 35 23 33 40 16 33 44 51 13 19 30 50 24 40 61 63 43 
6 13 19 11 11 12 19 14 28 34 18 23 0 15 31 35 28 35 25 27 34 13 24 27 17 29 31 3 14 21 23 13 17 14 18 16 20 16 17 27 16 19 12 24 22 0 20 27 19 20 67 38 32 38 21 73 31 63 52 54 34 
9 2 16 8 8 17 14 17 23 29 23 20 15 0 28 38 33 38 20 24 31 18 21 32 14 34 28 12 19 24 20 2 12 1 15 21 15 13 12 30 21 22 3 29 27 15 25 30 14 25 64 43 29 35 26 70 28 60 57 59 39 
37 26 16 24 24 33 24 37 15 9 39 12 31 28 0 56 49 56 18 8 7 34 13 48 22 50 4 34 35 46 12 30 26 29 23 37 23 21 26 48 37 40 31 45 43 31 41 48 24 41 44 59 13 11 38 42 32 48 69 71 51 
29 38 44 36 36 29 42 29 51 57 27 48 35 38 56 0 13 0 48 52 59 30 49 12 42 14 56 32 31 20 48 36 40 37 43 25 43 41 40 18 25 26 35 17 23 35 21 18 42 29 92 15 57 63 46 98 56 88 29 31 35 
28 31 37 29 29 22 37 26 50 54 20 41 28 33 49 13 0 13 47 45 52 23 42 1 35 1 49 31 24 19 41 35 39 34 36 18 42 34 39 13 18 21 34 10 16 28 14 13 37 22 85 16 50 56 39 91 49 81 30 32 28 
29 38 44 36 36 29 42 29 51 57 27 48 35 38 56 0 13 0 48 52 59 30 49 12 42 14 56 32 31 20 48 36 40 37 43 25 43 41 40 18 25 26 35 17 23 35 21 18 42 29 92 15 57 63 46 98 56 88 29 31 35 
19 22 14 22 22 31 16 27 9 15 33 10 25 20 18 48 47 48 0 14 17 30 5 46 18 46 18 22 29 34 6 18 14 19 17 35 9 19 14 40 35 32 17 43 37 25 39 40 16 39 54 57 19 21 40 60 34 50 71 73 53 
33 22 12 20 20 29 20 33 11 13 35 8 27 24 8 52 45 52 14 0 11 30 9 44 18 46 8 30 31 42 8 26 22 25 19 33 19 17 22 44 33 36 27 41 39 27 37 44 20 37 40 55 5 15 34 46 28 44 65 67 47 
30 29 19 27 27 36 27 38 12 2 42 15 34 31 7 59 52 59 17 11 0 37 16 51 25 53 3 33 38 45 15 29 25 30 26 40 20 24 25 51 40 43 28 48 46 34 44 51 27 44 51 62 16 14 45 49 39 55 76 78 58 
11 16 22 14 14 1 22 3 33 39 13 26 13 18 34 30 23 30 30 30 37 0 27 22 20 24 34 14 1 18 26 18 22 19 21 11 25 19 22 22 11 14 17 19 17 13 15 22 22 15 70 33 35 41 24 76 34 66 47 49 29 
24 19 9 17 17 26 17 30 14 18 32 5 24 21 13 49 42 49 5 9 16 27 0 41 15 43 13 27 28 39 1 23 19 22 16 30 14 14 19 41 30 33 22 38 36 24 34 41 17 34 49 52 14 20 35 55 29 45 66 68 48 
29 30 36 28 28 21 36 25 51 53 19 40 27 32 48 12 1 12 46 44 51 22 41 0 34 2 48 30 23 18 40 34 38 33 35 17 43 33 38 12 17 20 35 9 15 27 13 12 36 21 84 15 49 55 38 90 48 80 29 31 27 
15 12 10 10 10 19 2 23 21 27 25 14 17 14 22 42 35 42 18 18 25 20 15 34 0 36 22 18 21 30 14 14 4 15 1 23 13 1 4 34 23 26 13 31 29 17 27 34 2 27 58 45 23 29 28 64 22 54 59 61 41 
27 32 38 30 30 23 38 27 49 55 21 42 29 34 50 14 1 14 46 46 53 24 43 2 36 0 50 30 25 18 42 34 38 35 37 19 41 35 38 14 19 22 33 11 17 29 15 14 38 23 86 17 51 57 40 92 50 82 31 33 29 
33 26 16 24 24 33 24 37 15 5 39 12 31 28 4 56 49 56 18 8 3 34 13 48 22 50 0 34 35 46 12 30 26 29 23 37 23 21 26 48 37 40 31 45 43 31 41 48 24 41 48 59 13 11 42 46 36 52 73 75 55 
3 14 22 14 14 15 16 11 25 31 17 26 3 12 34 32 31 32 22 30 33 14 27 30 18 30 34 0 13 18 26 10 14 11 17 19 17 19 14 24 19 16 9 27 21 3 23 24 16 23 70 41 35 37 24 76 34 66 55 57 37 
10 17 23 15 15 2 23 2 32 38 14 27 14 19 35 31 24 31 29 31 38 1 28 23 21 25 35 13 0 17 27 17 21 18 22 12 24 20 21 23 12 15 16 20 18 14 16 23 23 16 71 34 36 42 25 77 35 67 48 50 30 
15 26 34 26 26 19 28 15 37 43 13 38 21 24 46 20 19 20 34 42 45 18 39 18 30 18 46 18 17 0 38 22 26 23 29 15 29 31 26 12 15 12 21 15 3 21 5 12 28 19 82 29 47 49 36 88 46 78 43 45 25 
25 18 8 16 16 25 16 29 15 17 31 4 23 20 12 48 41 48 6 8 15 26 1 40 14 42 12 26 27 38 0 22 18 21 15 29 15 13 18 40 29 32 23 37 35 23 33 40 16 33 48 51 13 19 34 54 28 44 65 67 47 
7 4 18 10 10 19 12 15 21 27 21 22 13 2 30 36 35 36 18 26 29 18 23 34 14 34 30 10 17 22 22 0 10 1 13 23 13 15 10 28 23 20 1 31 25 13 27 28 12 27 66 45 31 33 28 72 30 62 59 61 41 
11 14 14 14 14 23 2 19 17 23 25 18 17 12 26 40 39 40 14 22 25 22 19 38 4 38 26 14 21 26 18 10 0 11 3 27 9 5 0 32 27 24 9 35 29 17 31 32 2 31 62 49 27 29 32 68 26 58 63 65 45 
8 3 17 9 9 18 13 16 22 28 22 21 14 1 29 37 34 37 19 25 30 19 22 33 15 35 29 11 18 23 21 1 11 0 14 22 14 14 11 29 22 21 2 30 26 14 26 29 13 26 65 44 30 34 27 71 29 61 58 60 40 
14 13 11 11 11 20 1 22 20 26 26 15 18 15 23 43 36 43 17 19 26 21 16 35 1 37 23 17 22 29 15 13 3 14 0 24 12 2 3 35 24 27 12 32 30 18 28 35 1 28 59 46 24 30 29 65 23 55 60 62 42 
16 19 25 17 17 10 25 14 38 42 2 29 16 21 37 25 18 25 35 33 40 11 30 17 23 19 37 19 12 15 29 23 27 22 24 0 30 22 27 17 0 3 22 14 12 16 10 17 25 10 73 28 38 44 27 79 37 69 42 44 24 
14 17 11 19 19 26 11 22 12 18 28 15 20 15 23 43 42 43 9 19 20 25 14 43 13 41 23 17 24 29 15 13 9 14 12 30 0 14 9 35 30 27 12 38 32 20 34 35 11 36 59 54 24 24 37 65 31 55 68 70 50 
16 11 9 9 9 18 3 22 22 26 24 13 16 13 21 41 34 41 19 17 24 19 14 33 1 35 21 19 20 31 13 15 5 14 2 22 14 0 5 33 22 25 14 30 28 16 26 33 3 26 57 44 22 28 27 63 21 53 58 60 40 
11 14 14 14 14 23 2 19 17 23 25 18 17 12 26 40 39 40 14 22 25 22 19 38 4 38 26 14 21 26 18 10 0 11 3 27 9 5 0 32 27 24 9 35 29 17 31 32 2 31 62 49 27 29 32 68 26 58 63 65 45 
21 30 36 28 28 21 34 21 43 49 19 40 27 30 48 18 13 18 40 44 51 22 41 12 34 14 48 24 23 12 40 28 32 29 35 17 35 33 32 0 17 18 27 3 15 27 13 0 34 21 84 23 49 55 38 90 48 80 37 39 27 
16 19 25 17 17 10 25 14 38 42 2 29 16 21 37 25 18 25 35 33 40 11 30 17 23 19 37 19 12 15 29 23 27 22 24 0 30 22 27 17 0 3 22 14 12 16 10 17 25 10 73 28 38 44 27 79 37 69 42 44 24 
13 22 28 20 20 13 26 13 35 41 1 32 19 22 40 26 21 26 32 36 43 14 33 20 26 22 40 16 15 12 32 20 24 21 27 3 27 25 24 18 3 0 19 17 15 19 13 18 26 13 76 31 41 47 30 82 40 72 45 47 27 
6 5 19 11 11 18 11 14 20 26 20 23 12 3 31 35 34 35 17 27 28 17 22 35 13 33 31 9 16 21 23 1 9 2 12 22 12 14 9 27 22 19 0 30 24 12 26 27 11 28 67 46 32 32 29 73 31 63 60 62 42 
24 27 33 25 25 18 33 22 46 50 16 37 24 29 45 17 10 17 43 41 48 19 38 9 31 11 45 27 20 15 37 31 35 30 32 14 38 30 35 3 14 17 30 0 12 24 10 3 33 18 81 20 46 52 35 87 45 77 34 36 24 
18 25 31 23 23 16 31 18 40 46 14 35 22 27 43 23 16 23 37 39 46 17 36 15 29 17 43 21 18 3 35 25 29 26 30 12 32 28 29 15 12 15 24 12 0 22 2 15 31 16 79 26 44 50 33 85 43 75 40 42 22 
6 13 19 11 11 12 19 14 28 34 18 23 0 15 31 35 28 35 25 27 34 13 24 27 17 29 31 3 14 21 23 13 17 14 18 16 20 16 17 27 16 19 12 24 22 0 20 27 19 20 67 38 32 38 21 73 31 63 52 54 34 
20 23 29 21 21 14 29 18 42 46 12 33 20 25 41 21 14 21 39 37 44 15 34 13 27 15 41 23 16 5 33 27 31 26 28 10 34 26 31 13 10 13 26 10 2 20 0 13 29 14 77 24 42 48 31 83 41 73 38 40 20 
21 30 36 28 28 21 34 21 43 49 19 40 27 30 48 18 13 18 40 44 51 22 41 12 34 14 48 24 23 12 40 28 32 29 35 17 35 33 32 0 17 18 27 3 15 27 13 0 34 21 84 23 49 55 38 90 48 80 37 39 27 
13 14 12 12 12 21 0 21 19 25 27 16 19 14 24 42 37 42 16 20 27 22 17 36 2 38 24 16 23 28 16 12 2 13 1 25 11 3 2 34 25 26 11 33 31 19 29 34 0 29 60 47 25 31 30 66 24 56 61 63 43 
26 23 29 21 21 14 29 18 44 46 12 33 20 25 41 29 22 29 39 37 44 15 34 21 27 23 41 23 16 19 33 27 31 26 28 10 36 26 31 21 10 13 28 18 16 20 14 21 29 0 63 22 36 48 17 69 27 59 32 34 14 
73 62 48 56 56 69 60 73 51 53 75 44 67 64 44 92 85 92 54 40 51 70 49 84 58 86 48 70 71 82 48 66 62 65 59 73 59 57 62 84 73 76 67 81 79 67 77 84 60 63 0 77 35 55 46 14 36 8 71 61 57 
44 41 47 39 39 32 47 36 62 64 30 51 38 43 59 15 16 15 57 55 62 33 52 15 45 17 59 41 34 29 51 45 49 44 46 28 54 44 49 23 28 31 46 20 26 38 24 23 47 22 77 0 50 66 31 83 41 73 14 16 20 
38 27 17 25 25 34 25 38 16 18 40 13 32 29 13 57 50 57 19 5 16 35 14 49 23 51 13 35 36 47 13 31 27 30 24 38 24 22 27 49 38 41 32 46 44 32 42 49 25 36 35 50 0 20 29 41 23 39 60 62 42 
34 33 23 31 31 40 31 42 16 14 46 19 38 35 11 63 56 63 21 15 14 41 20 55 29 57 11 37 42 49 19 33 29 34 30 44 24 28 29 55 44 47 32 52 50 38 48 55 31 48 55 66 20 0 49 45 43 59 80 82 62 
27 24 26 18 18 23 30 27 45 47 29 30 21 26 38 46 39 46 40 34 45 24 35 38 28 40 42 24 25 36 34 28 32 27 29 27 37 27 32 38 27 30 29 35 33 21 31 38 30 17 46 31 29 49 0 52 18 42 37 33 23 
79 68 54 62 62 75 66 79 57 51 81 50 73 70 42 98 91 98 60 46 49 76 55 90 64 92 46 76 77 88 54 72 68 71 65 79 65 63 68 90 79 82 73 87 85 73 83 90 66 69 14 83 41 45 52 0 42 18 77 67 63 
37 26 20 20 20 33 24 37 39 41 39 24 31 28 32 56 49 56 34 28 39 34 29 48 22 50 36 34 35 46 28 30 26 29 23 37 31 21 26 48 37 40 31 45 43 31 41 48 24 27 36 41 23 43 18 42 0 32 43 39 29 
69 58 44 52 52 65 56 69 55 57 71 40 63 60 48 88 81 88 50 44 55 66 45 80 54 82 52 66 67 78 44 62 58 61 55 69 55 53 58 80 69 72 63 77 75 63 73 80 56 59 8 73 39 59 42 18 32 0 67 57 53 
58 55 57 49 49 46 61 50 76 78 44 61 52 57 69 29 30 29 71 65 76 47 66 29 59 31 73 55 48 43 65 59 63 58 60 42 68 58 63 37 42 45 60 34 40 52 38 37 61 32 71 14 60 80 37 77 43 67 0 10 24 
60 57 59 51 51 48 63 52 78 80 46 63 54 59 71 31 32 31 73 67 78 49 68 31 61 33 75 57 50 45 67 61 65 60 62 44 70 60 65 39 44 47 62 36 42 54 40 39 63 34 61 16 62 82 33 67 39 57 10 0 20 
40 37 39 31 31 28 43 32 58 60 26 43 34 39 51 35 28 35 53 47 58 29 48 27 41 29 55 37 30 25 47 41 45 40 42 24 50 40 45 27 24 27 42 24 22 34 20 27 43 14 57 20 42 62 23 63 29 53 24 20 0 
