60
0 28 56 32 16 32 60 44 132 140 48 76 28 44 108 128 112 140 80 100 96 136 28 80 100 52 104 116 40 44 92 76 40 52 64 56 56 108 64 48 16 84 108 56 76 96 100 60 60 56 28 120 108 84 84 56 80 32 76 108 108 
28 0 52 28 12 32 32 36 104 112 40 72 8 16 104 120 112 132 84 72 92 108 24 60 108 28 100 104 20 36 84 64 32 24 36 28 28 112 36 48 40 56 132 36 48 88 108 60 52 28 28 124 108 84 108 32 72 24 76 100 108 
56 52 0 28 44 76 36 88 76 84 92 24 60 52 56 172 156 184 32 44 44 80 72 24 144 28 148 60 72 88 136 20 84 60 48 48 40 60 24 92 68 36 160 16 36 140 144 104 104 64 72 72 152 128 136 24 124 76 120 152 152 
32 28 28 0 20 52 28 64 100 108 68 48 36 28 80 148 132 160 56 68 68 104 48 48 120 20 124 84 48 64 112 44 60 36 32 24 24 84 32 68 44 52 136 24 44 116 120 80 80 40 48 96 128 104 112 24 100 52 96 128 128 
16 12 44 20 0 36 44 48 116 124 52 64 20 28 96 132 116 144 72 84 84 120 32 64 104 36 108 100 32 48 96 60 44 36 48 40 40 100 48 52 28 68 120 40 60 100 104 64 64 40 32 112 112 88 96 40 84 36 80 112 112 
32 32 76 52 36 0 64 20 136 144 16 96 32 48 128 96 84 108 108 104 116 140 12 88 76 56 72 128 44 12 60 88 24 56 68 60 60 136 68 20 16 88 100 64 80 64 76 32 28 60 8 148 80 56 76 60 48 16 48 76 80 
60 32 36 28 44 64 0 52 72 80 64 56 32 20 88 140 144 152 68 40 76 84 52 44 140 8 128 88 36 60 100 48 48 24 12 12 8 96 12 80 72 24 164 20 16 108 140 92 72 28 60 108 140 116 140 12 96 48 108 120 140 
44 36 88 64 48 20 52 0 116 128 20 108 28 36 140 92 100 104 120 84 128 136 16 96 96 60 84 140 24 16 48 100 8 36 48 44 48 148 64 36 28 68 120 72 60 60 96 48 24 40 16 160 96 72 96 64 52 12 64 72 96 
132 104 76 100 116 136 72 116 0 24 136 56 104 88 40 208 216 220 52 32 36 36 124 52 212 80 200 40 92 132 156 56 112 80 68 76 76 48 68 152 144 52 236 76 56 176 212 164 140 80 132 60 212 188 212 76 168 120 180 188 212 
140 112 84 108 124 144 80 128 24 0 144 64 112 96 32 216 224 228 60 48 44 12 132 60 220 88 208 24 108 140 172 64 124 96 84 88 84 32 76 160 152 72 244 84 72 184 220 172 148 100 140 36 220 196 220 84 176 128 188 196 220 
48 40 92 68 52 16 64 20 136 144 0 112 36 48 144 80 80 92 124 104 132 144 20 100 76 64 64 144 44 8 44 104 24 56 68 60 60 152 72 16 32 88 100 76 80 48 76 28 12 60 20 164 76 52 76 68 36 20 44 60 76 
76 72 24 48 64 96 56 108 56 64 112 0 80 72 36 192 176 204 12 32 24 60 92 12 164 48 168 40 92 108 156 8 104 80 68 68 60 40 44 112 88 56 180 36 56 160 164 124 124 84 92 52 172 148 156 44 144 96 140 172 172 
28 8 60 36 20 32 32 28 104 112 36 80 0 16 112 112 112 124 92 72 100 112 20 68 108 32 96 112 12 32 76 72 24 24 36 28 28 120 40 48 40 56 132 44 48 80 108 60 44 28 28 132 108 84 108 36 68 20 76 92 108 
44 16 52 28 28 48 20 36 88 96 48 72 16 0 104 124 128 136 84 56 92 100 36 60 124 24 112 104 20 44 84 64 32 8 20 12 16 112 28 64 56 40 148 36 32 92 124 76 56 12 44 124 124 100 124 28 80 32 92 104 124 
108 104 56 80 96 128 88 140 40 32 144 36 112 104 0 224 208 236 28 64 16 28 124 44 196 80 200 8 124 140 188 40 136 112 100 100 92 8 76 144 120 88 212 68 88 192 196 156 156 116 124 20 204 180 188 76 176 128 172 204 204 
128 120 172 148 132 96 140 92 208 216 80 192 112 124 224 0 16 16 204 176 212 220 100 180 28 144 24 224 116 84 52 184 96 128 140 132 136 232 148 80 112 160 28 156 152 36 28 68 72 132 100 244 20 44 44 148 48 96 52 24 20 
112 112 156 132 116 84 144 100 216 224 80 176 112 128 208 16 0 28 188 184 196 220 92 168 12 136 16 208 124 84 60 168 104 136 148 140 140 216 148 68 96 168 20 144 160 40 12 56 76 140 88 228 8 32 28 140 48 96 40 28 8 
140 132 184 160 144 108 152 104 220 228 92 204 124 136 236 16 28 0 216 188 224 232 112 192 40 156 36 236 128 96 64 196 108 140 152 144 148 244 160 92 124 172 32 168 164 48 40 80 84 144 112 256 32 56 56 160 60 108 64 36 32 
80 84 32 56 72 108 68 120 52 60 124 12 92 84 28 204 188 216 0 44 16 56 104 24 176 60 180 36 104 120 168 20 116 92 80 80 72 32 56 124 96 68 188 48 68 172 176 136 136 96 104 44 184 160 164 56 156 108 152 184 184 
100 72 44 68 84 104 40 84 32 48 104 32 72 56 64 176 184 188 44 0 52 60 92 20 180 48 168 64 64 100 128 24 80 52 40 44 44 72 36 120 112 24 204 44 28 144 180 132 108 52 100 84 180 156 180 44 136 88 148 156 180 
96 92 44 68 84 116 76 128 36 44 132 24 100 92 16 212 196 224 16 52 0 40 112 32 184 68 188 20 112 128 176 28 124 100 88 88 80 20 64 132 108 76 200 56 76 180 184 144 144 104 112 32 192 168 176 64 164 116 160 192 192 
136 108 80 104 120 140 84 136 36 12 144 60 112 100 28 220 220 232 56 60 40 0 128 56 216 84 204 20 120 140 184 60 132 108 96 96 88 28 76 156 148 84 240 80 84 188 216 168 152 112 136 24 216 192 216 80 176 128 184 200 216 
28 24 72 48 32 12 52 16 124 132 20 92 20 36 124 100 92 112 104 92 112 128 0 80 88 48 80 124 32 16 64 84 12 44 56 48 48 132 56 28 20 76 112 56 68 68 88 40 32 48 8 144 88 64 88 52 52 4 56 80 88 
80 60 24 48 64 88 44 96 52 60 100 12 68 60 44 180 168 192 24 20 32 56 80 0 160 36 156 44 80 96 144 4 92 68 56 56 48 52 32 104 92 44 184 28 44 148 160 116 112 72 84 64 164 140 160 32 132 84 132 160 164 
100 108 144 120 104 76 140 96 212 220 76 164 108 124 196 28 12 40 176 180 184 216 88 160 0 132 12 200 120 80 56 160 100 132 144 136 136 204 144 60 84 164 24 136 156 36 0 48 72 136 80 216 8 24 16 136 44 92 32 24 8 
52 28 28 20 36 56 8 60 80 88 64 48 32 24 80 144 136 156 60 48 68 84 48 36 132 0 124 80 44 60 108 40 56 32 20 20 12 88 12 72 64 32 156 12 24 112 132 84 76 36 52 100 132 108 132 8 96 48 100 124 132 
104 100 148 124 108 72 128 84 200 208 64 168 96 112 200 24 16 36 180 168 188 204 80 156 12 124 0 200 108 68 44 160 88 120 132 124 124 208 132 56 88 152 36 132 144 24 12 44 60 124 76 220 12 20 20 128 32 80 28 12 12 
116 104 60 84 100 128 88 140 40 24 144 40 112 104 8 224 208 236 36 64 20 20 124 44 200 80 200 0 124 140 188 44 136 112 100 100 92 8 76 144 128 88 220 68 88 192 200 156 156 116 124 20 204 180 196 76 176 128 172 204 204 
40 20 72 48 32 44 36 24 92 108 44 92 12 20 124 116 124 128 104 64 112 120 32 80 120 44 108 124 0 40 68 84 20 16 28 24 32 132 48 60 52 44 144 56 40 84 120 72 48 16 40 144 120 96 120 48 76 28 88 96 120 
44 36 88 64 48 12 60 16 132 140 8 108 32 44 140 84 84 96 120 100 128 140 16 96 80 60 68 140 40 0 48 100 20 52 64 56 56 148 68 20 28 84 104 72 76 52 80 32 16 56 16 160 80 56 80 64 40 16 48 64 80 
92 84 136 112 96 60 100 48 156 172 44 156 76 84 188 52 60 64 168 128 176 184 64 144 56 108 44 188 68 48 0 148 52 80 92 88 96 196 112 44 76 108 80 120 104 20 56 32 32 80 64 208 56 32 56 112 12 60 24 32 56 
76 64 20 44 60 88 48 100 56 64 104 8 72 64 40 184 168 196 20 24 28 60 84 4 160 40 160 44 84 100 148 0 96 72 60 60 52 48 36 104 88 48 180 28 48 152 160 116 116 76 84 60 164 140 156 36 136 88 132 164 164 
40 32 84 60 44 24 48 8 112 124 24 104 24 32 136 96 104 108 116 80 124 132 12 92 100 56 88 136 20 20 52 96 0 32 44 40 44 144 60 40 32 64 124 68 56 64 100 52 28 36 20 156 100 76 100 60 56 8 68 76 100 
52 24 60 36 36 56 24 36 80 96 56 80 24 8 112 128 136 140 92 52 100 108 44 68 132 32 120 112 16 52 80 72 32 0 16 12 20 120 36 72 64 32 156 44 28 96 132 84 60 4 52 132 132 108 132 36 88 40 100 108 132 
64 36 48 32 48 68 12 48 68 84 68 68 36 20 100 140 148 152 80 40 88 96 56 56 144 20 132 100 28 64 92 60 44 16 0 8 8 108 24 84 76 20 168 32 16 108 144 96 72 16 64 120 144 120 144 24 100 52 112 120 144 
56 28 48 24 40 60 12 44 76 88 60 68 28 12 100 132 140 144 80 44 88 96 48 56 136 20 124 100 24 56 88 60 40 12 8 0 8 108 24 76 68 28 160 32 20 100 136 88 64 16 56 120 136 112 136 24 92 44 104 112 136 
56 28 40 24 40 60 8 48 76 84 60 60 28 16 92 136 140 148 72 44 80 88 48 48 136 12 124 92 32 56 96 52 44 20 8 8 0 100 16 76 68 28 160 24 20 104 136 88 68 24 56 112 136 112 136 16 92 44 104 116 136 
108 112 60 84 100 136 96 148 48 32 152 40 120 112 8 232 216 244 32 72 20 28 132 52 204 88 208 8 132 148 196 48 144 120 108 108 100 0 84 152 124 96 216 76 96 200 204 164 164 124 132 16 212 188 192 84 184 136 180 212 212 
64 36 24 32 48 68 12 64 68 76 72 44 40 28 76 148 148 160 56 36 64 76 56 32 144 12 132 76 48 68 112 36 60 36 24 24 16 84 0 84 76 20 168 8 12 116 144 96 80 40 64 96 144 120 144 8 104 56 112 128 144 
48 48 92 68 52 20 80 36 152 160 16 112 48 64 144 80 68 92 124 120 132 156 28 104 60 72 56 144 60 20 44 104 40 72 84 76 76 152 84 0 32 104 84 80 96 48 60 16 12 76 24 164 64 40 60 76 32 32 32 60 64 
16 40 68 44 28 16 72 28 144 152 32 88 40 56 120 112 96 124 96 112 108 148 20 92 84 64 88 128 52 28 76 88 32 64 76 68 68 124 76 32 0 96 96 68 88 80 84 44 44 68 12 136 92 68 72 68 64 24 60 92 92 
84 56 36 52 68 88 24 68 52 72 88 56 56 40 88 160 168 172 68 24 76 84 76 44 164 32 152 88 44 84 108 48 64 32 20 28 28 96 20 104 96 0 188 28 8 128 164 116 92 32 84 108 164 140 164 28 120 72 132 140 164 
108 132 160 136 120 100 164 120 236 244 100 180 132 148 212 28 20 32 188 204 200 240 112 184 24 156 36 220 144 104 80 180 124 156 168 160 160 216 168 84 96 188 0 160 180 60 24 72 96 160 104 228 24 48 28 160 68 116 56 48 24 
56 36 16 24 40 64 20 72 76 84 76 36 44 36 68 156 144 168 48 44 56 80 56 28 136 12 132 68 56 72 120 28 68 44 32 32 24 76 8 80 68 28 160 0 20 124 136 92 88 48 60 88 140 116 136 8 108 60 108 136 140 
76 48 36 44 60 80 16 60 56 72 80 56 48 32 88 152 160 164 68 28 76 84 68 44 156 24 144 88 40 76 104 48 56 28 16 20 20 96 12 96 88 8 180 20 0 120 156 108 84 28 76 108 156 132 156 20 112 64 124 132 156 
96 88 140 116 100 64 108 60 176 184 48 160 80 92 192 36 40 48 172 144 180 188 68 148 36 112 24 192 84 52 20 152 64 96 108 100 104 200 116 48 80 128 60 124 120 0 36 36 40 100 68 212 36 12 36 116 16 64 20 16 36 
100 108 144 120 104 76 140 96 212 220 76 164 108 124 196 28 12 40 176 180 184 216 88 160 0 132 12 200 120 80 56 160 100 132 144 136 136 204 144 60 84 164 24 136 156 36 0 48 72 136 80 216 8 24 16 136 44 92 32 24 8 
60 60 104 80 64 32 92 48 164 172 28 124 60 76 156 68 56 80 136 132 144 168 40 116 48 84 44 156 72 32 32 116 52 84 96 88 88 164 96 16 44 116 72 92 108 36 48 0 24 88 36 176 52 28 48 88 20 44 20 48 52 
60 52 104 80 64 28 72 24 140 148 12 124 44 56 156 72 76 84 136 108 144 152 32 112 72 76 60 156 48 16 32 116 28 60 72 64 68 164 80 12 44 92 96 88 84 40 72 24 0 64 32 176 72 48 72 80 28 28 40 52 72 
56 28 64 40 40 60 28 40 80 100 60 84 28 12 116 132 140 144 96 52 104 112 48 72 136 36 124 116 16 56 80 76 36 4 16 16 24 124 40 76 68 32 160 48 28 100 136 88 64 0 56 136 136 112 136 40 92 44 104 112 136 
28 28 72 48 32 8 60 16 132 140 20 92 28 44 124 100 88 112 104 100 112 136 8 84 80 52 76 124 40 16 64 84 20 52 64 56 56 132 64 24 12 84 104 60 76 68 80 36 32 56 0 144 84 60 80 56 52 12 52 80 84 
120 124 72 96 112 148 108 160 60 36 164 52 132 124 20 244 228 256 44 84 32 24 144 64 216 100 220 20 144 160 208 60 156 132 120 120 112 16 96 164 136 108 228 88 108 212 216 176 176 136 144 0 224 200 204 96 196 148 192 224 224 
108 108 152 128 112 80 140 96 212 220 76 172 108 124 204 20 8 32 184 180 192 216 88 164 8 132 12 204 120 80 56 164 100 132 144 136 136 212 144 64 92 164 24 140 156 36 8 52 72 136 84 224 0 28 24 136 44 92 36 24 0 
84 84 128 104 88 56 116 72 188 196 52 148 84 100 180 44 32 56 160 156 168 192 64 140 24 108 20 180 96 56 32 140 76 108 120 112 112 188 120 40 68 140 48 116 132 12 24 28 48 112 60 200 28 0 24 112 20 68 12 24 28 
84 108 136 112 96 76 140 96 212 220 76 156 108 124 188 44 28 56 164 180 176 216 88 160 16 132 20 196 120 80 56 156 100 132 144 136 136 192 144 60 72 164 28 136 156 36 16 48 72 136 80 204 24 24 0 136 44 92 32 24 24 
56 32 24 24 40 60 12 64 76 84 68 44 36 28 76 148 140 160 56 44 64 80 52 32 136 8 128 76 48 64 112 36 60 36 24 24 16 84 8 76 68 28 160 8 20 116 136 88 80 40 56 96 136 112 136 0 100 52 104 128 136 
80 72 124 100 84 48 96 52 168 176 36 144 68 80 176 48 48 60 156 136 164 176 52 132 44 96 32 176 76 40 12 136 56 88 100 92 92 184 104 32 64 120 68 108 112 16 44 20 28 92 52 196 44 20 44 100 0 52 12 28 44 
32 24 76 52 36 16 48 12 120 128 20 96 20 32 128 96 96 108 108 88 116 128 4 84 92 48 80 128 28 16 60 88 8 40 52 44 44 136 56 32 24 72 116 60 64 64 92 44 28 44 12 148 92 68 92 52 52 0 60 76 92 
76 76 120 96 80 48 108 64 180 188 44 140 76 92 172 52 40 64 152 148 160 184 56 132 32 100 28 172 88 48 24 132 68 100 112 104 104 180 112 32 60 132 56 108 124 20 32 20 40 104 52 192 36 12 32 104 12 60 0 32 36 
108 100 152 128 112 76 120 72 188 196 60 172 92 104 204 24 28 36 184 156 192 200 80 160 24 124 12 204 96 64 32 164 76 108 120 112 116 212 128 60 92 140 48 136 132 16 24 48 52 112 80 224 24 24 24 128 28 76 32 0 24 
108 108 152 128 112 80 140 96 212 220 76 172 108 124 204 20 8 32 184 180 192 216 88 164 8 132 12 204 120 80 56 164 100 132 144 136 136 212 144 64 92 164 24 140 156 36 8 52 72 136 84 224 0 28 24 136 44 92 36 24 0 
