60
0 22 53 29 13 26 51 32 117 128 39 73 19 35 105 119 106 131 80 88 93 127 22 74 97 46 98 113 28 35 80 73 28 40 52 44 47 108 55 42 16 69 108 50 64 87 97 54 51 41 22 120 102 78 84 50 71 23 70 99 102 
22 0 49 25 9 32 29 30 95 106 41 69 9 13 101 117 112 129 78 66 89 109 24 60 105 28 100 101 14 37 78 61 26 18 30 22 25 106 37 48 34 47 126 36 42 85 105 60 49 19 28 118 108 84 102 32 73 25 76 97 108 
53 49 0 28 44 73 30 79 64 75 86 24 54 46 56 166 153 178 33 35 44 74 69 21 144 25 145 60 63 82 127 20 75 51 39 39 34 61 18 89 69 24 161 13 27 134 144 101 98 52 69 73 149 125 137 21 118 70 117 146 149 
29 25 28 0 20 49 22 55 88 99 62 48 30 22 80 142 129 154 57 59 68 98 45 45 120 17 121 84 39 58 103 44 51 27 23 15 18 85 26 65 45 40 137 21 35 110 120 77 74 28 45 97 125 101 113 21 94 46 93 122 125 
13 9 44 20 0 33 38 39 104 115 46 64 14 22 96 126 113 138 73 75 84 114 29 61 104 33 105 100 23 42 87 60 35 27 39 31 34 101 42 49 29 56 121 37 51 94 104 61 58 28 29 113 109 85 97 37 78 30 77 106 109 
26 32 73 49 33 0 61 14 127 138 13 93 29 45 125 93 84 105 102 98 113 137 12 88 77 56 72 129 38 9 54 89 18 50 62 54 57 130 65 20 10 79 94 64 74 61 77 32 25 51 8 142 80 56 70 60 45 13 48 73 80 
51 29 30 22 38 61 0 53 66 81 64 50 32 20 82 140 141 152 59 37 70 84 49 41 134 5 125 82 33 60 97 42 49 21 9 13 8 87 12 77 63 18 155 17 13 108 134 89 72 22 57 99 137 113 131 9 96 48 105 120 137 
32 30 79 55 39 14 53 0 113 128 17 99 25 37 131 93 94 105 108 84 119 133 10 90 87 54 78 131 24 13 48 91 8 36 48 44 49 136 61 30 16 65 108 66 60 61 87 42 25 37 10 148 90 66 84 58 49 9 58 73 90 
117 95 64 88 104 127 66 113 0 21 130 44 98 82 28 202 207 214 37 33 24 30 115 43 200 71 191 28 93 126 157 44 109 81 69 73 70 33 62 143 129 52 221 67 57 170 200 155 134 80 123 45 203 179 197 67 162 114 171 182 203 
128 106 75 99 115 138 81 128 21 0 141 55 109 97 23 217 218 229 48 48 35 9 126 54 211 82 202 15 108 137 172 55 124 96 84 88 85 20 73 154 140 69 232 78 72 185 211 166 149 97 134 24 214 190 208 78 173 125 182 197 214 
39 41 86 62 46 13 64 17 130 141 0 106 36 48 138 80 77 92 115 101 126 144 21 97 70 65 65 138 41 8 41 98 21 53 65 57 60 143 72 13 23 82 91 73 77 48 70 25 12 54 17 155 73 49 67 69 36 20 41 60 73 
73 69 24 48 64 93 50 99 44 55 106 0 74 66 36 186 173 198 13 23 24 54 89 9 164 45 165 40 83 102 147 8 95 71 59 59 54 41 38 109 89 44 181 33 47 154 164 121 118 72 89 53 169 145 157 41 138 90 137 166 169 
19 9 54 30 14 29 32 25 98 109 36 74 0 16 106 112 109 124 83 69 94 112 21 65 102 33 97 106 9 32 73 66 21 21 33 25 28 111 40 45 31 50 123 41 45 80 102 57 44 22 25 123 105 81 99 37 68 20 73 92 105 
35 13 46 22 22 45 20 37 82 97 48 66 16 0 98 124 125 136 75 53 86 100 33 57 118 21 109 98 17 44 81 58 33 5 17 13 16 103 28 61 47 34 139 33 29 92 118 73 56 6 41 115 121 97 115 25 80 32 89 104 121 
105 101 56 80 96 125 82 131 28 23 138 36 106 98 0 218 205 230 29 55 16 22 121 41 196 77 197 8 115 134 179 40 127 103 91 91 86 9 70 141 121 76 213 65 79 186 196 153 150 104 121 21 201 177 189 73 170 122 169 198 201 
119 117 166 142 126 93 140 93 202 217 80 186 112 124 218 0 13 16 195 173 206 220 97 177 22 141 21 218 113 84 49 178 97 125 137 133 136 223 148 77 103 154 19 153 149 36 22 65 72 126 97 235 17 41 35 145 48 96 49 24 17 
106 112 153 129 113 84 141 94 207 218 77 173 109 125 205 13 0 25 182 178 193 217 92 168 13 136 16 209 118 81 54 169 98 130 142 134 137 210 145 68 90 159 14 144 154 37 13 56 73 131 88 222 8 32 22 140 45 93 40 25 8 
131 129 178 154 138 105 152 105 214 229 92 198 124 136 230 16 25 0 207 185 218 232 109 189 34 153 33 230 125 96 61 190 109 137 149 145 148 235 160 89 115 166 23 165 161 48 34 77 84 138 109 247 29 53 47 157 60 108 61 36 29 
80 78 33 57 73 102 59 108 37 48 115 13 83 75 29 195 182 207 0 32 17 47 98 18 173 54 174 33 92 111 156 17 104 80 68 68 63 32 47 118 96 53 188 42 56 163 173 130 127 81 98 44 178 154 164 50 147 99 146 175 178 
88 66 35 59 75 98 37 84 33 48 101 23 69 53 55 173 178 185 32 0 43 57 86 14 171 42 162 55 64 97 128 15 80 52 40 44 41 60 33 114 100 25 192 38 28 141 171 126 105 53 94 72 174 150 168 38 133 85 142 153 174 
93 89 44 68 84 113 70 119 24 35 126 24 94 86 16 206 193 218 17 43 0 34 109 29 184 65 185 20 103 122 167 28 115 91 79 79 74 21 58 129 109 64 201 53 67 174 184 141 138 92 109 33 189 165 177 61 158 110 157 186 189 
127 109 74 98 114 137 84 133 30 9 144 54 112 100 22 220 217 232 47 57 34 0 129 53 210 85 205 14 117 140 181 54 129 105 93 93 88 19 76 153 139 78 231 77 81 188 210 165 152 106 133 15 213 189 207 81 176 128 181 200 213 
22 24 69 45 29 12 49 10 115 126 21 89 21 33 121 97 92 109 98 86 109 129 0 80 85 48 80 121 26 17 58 81 6 38 50 42 45 126 57 28 14 67 106 56 62 65 85 40 29 39 8 138 88 64 82 52 53 1 56 77 88 
74 60 21 45 61 88 41 90 43 54 97 9 65 57 41 177 168 189 18 14 29 53 80 0 161 36 156 45 74 93 138 1 86 62 50 50 45 46 29 104 86 35 178 28 38 145 161 116 109 63 84 58 164 140 154 32 129 81 132 157 164 
97 105 144 120 104 77 134 87 200 211 70 164 102 118 196 22 13 34 173 171 184 210 85 161 0 129 9 200 111 74 47 160 91 123 135 127 130 201 138 61 81 152 21 137 147 30 0 49 66 124 81 213 9 25 13 133 38 86 33 18 9 
46 28 25 17 33 56 5 54 71 82 65 45 33 21 77 141 136 153 54 42 65 85 48 36 129 0 124 77 38 61 102 37 50 26 14 14 9 82 13 72 58 23 150 12 18 109 129 84 73 27 52 94 132 108 126 8 97 49 100 121 132 
98 100 145 121 105 72 125 78 191 202 65 165 97 109 197 21 16 33 174 162 185 205 80 156 9 124 0 197 102 69 38 157 82 114 126 118 121 202 133 56 82 143 30 132 138 21 9 44 57 115 76 214 12 20 14 128 33 81 28 9 12 
113 101 60 84 100 129 82 131 28 15 138 40 106 98 8 218 209 230 33 55 20 14 121 45 200 77 197 0 115 134 179 44 127 103 91 91 86 5 70 145 125 76 217 69 79 186 200 157 150 104 125 17 205 181 193 73 170 122 173 198 205 
28 14 63 39 23 38 33 24 93 108 41 83 9 17 115 113 118 125 92 64 103 117 26 74 111 38 102 115 0 37 68 75 20 16 28 24 29 120 45 54 40 45 132 50 40 81 111 66 45 17 34 132 114 90 108 42 73 25 82 93 114 
35 37 82 58 42 9 60 13 126 137 8 102 32 44 134 84 81 96 111 97 122 140 17 93 74 61 69 134 37 0 45 94 17 49 61 53 56 139 68 17 19 78 95 69 73 52 74 29 16 50 13 151 77 53 71 65 40 16 45 64 77 
80 78 127 103 87 54 97 48 157 172 41 147 73 81 179 49 54 61 156 128 167 181 58 138 47 102 38 179 68 45 0 139 52 80 92 88 93 184 109 38 64 109 68 114 104 17 47 26 29 81 58 196 50 26 44 106 9 57 18 29 50 
73 61 20 44 60 89 42 91 44 55 98 8 66 58 40 178 169 190 17 15 28 54 81 1 160 37 157 44 75 94 139 0 87 63 51 51 46 45 30 105 85 36 177 29 39 146 160 117 110 64 85 57 165 141 153 33 130 82 133 158 165 
28 26 75 51 35 18 49 8 109 124 21 95 21 33 127 97 98 109 104 80 115 129 6 86 91 50 82 127 20 17 52 87 0 32 44 40 45 132 57 34 20 61 112 62 56 65 91 46 29 33 14 144 94 70 88 54 53 5 62 77 94 
40 18 51 27 27 50 21 36 81 96 53 71 21 5 103 125 130 137 80 52 91 105 38 62 123 26 114 103 16 49 80 63 32 0 16 12 17 108 33 66 52 33 144 38 28 93 123 78 57 1 46 120 126 102 120 30 85 37 94 105 126 
52 30 39 23 39 62 9 48 69 84 65 59 33 17 91 137 142 149 68 40 79 93 50 50 135 14 126 91 28 61 92 51 44 16 0 8 5 96 21 78 64 21 156 26 16 105 135 90 69 17 58 108 138 114 132 18 97 49 106 117 138 
44 22 39 15 31 54 13 44 73 88 57 59 25 13 91 133 134 145 68 44 79 93 42 50 127 14 118 91 24 53 88 51 40 12 8 0 9 96 21 70 56 25 148 26 20 101 127 82 65 13 50 108 130 106 124 18 89 41 98 113 130 
47 25 34 18 34 57 8 49 70 85 60 54 28 16 86 136 137 148 63 41 74 88 45 45 130 9 121 86 29 56 93 46 45 17 5 9 0 91 16 73 59 22 151 21 17 104 130 85 68 18 53 103 133 109 127 13 92 44 101 116 133 
108 106 61 85 101 130 87 136 33 20 143 41 111 103 9 223 210 235 32 60 21 19 126 46 201 82 202 5 120 139 184 45 132 108 96 96 91 0 75 146 124 81 216 70 84 191 201 158 155 109 126 16 206 182 192 78 175 127 174 203 206 
55 37 18 26 42 65 12 61 62 73 72 38 40 28 70 148 145 160 47 33 58 76 57 29 138 13 133 70 45 68 109 30 57 33 21 21 16 75 0 81 67 14 159 5 9 116 138 93 80 34 61 87 141 117 135 9 104 56 109 128 141 
42 48 89 65 49 20 77 30 143 154 13 109 45 61 141 77 68 89 118 114 129 153 28 104 61 72 56 145 54 17 38 105 34 66 78 70 73 146 81 0 26 95 78 80 90 45 61 16 9 67 24 158 64 40 54 76 29 29 32 57 64 
16 34 69 45 29 10 63 16 129 140 23 89 31 47 121 103 90 115 96 100 109 139 14 86 81 58 82 125 40 19 64 85 20 52 64 56 59 124 67 26 0 81 96 62 76 71 81 38 35 53 6 136 86 62 72 62 55 15 54 83 86 
69 47 24 40 56 79 18 65 52 69 82 44 50 34 76 154 159 166 53 25 64 78 67 35 152 23 143 76 45 78 109 36 61 33 21 25 22 81 14 95 81 0 173 19 9 122 152 107 86 32 75 93 155 131 149 19 114 66 123 134 155 
108 126 161 137 121 94 155 108 221 232 91 181 123 139 213 19 14 23 188 192 201 231 106 178 21 150 30 217 132 95 68 177 112 144 156 148 151 216 159 78 96 173 0 154 168 51 21 66 87 145 98 228 18 42 28 154 59 107 50 39 18 
50 36 13 21 37 64 17 66 67 78 73 33 41 33 65 153 144 165 42 38 53 77 56 28 137 12 132 69 50 69 114 29 62 38 26 26 21 70 5 80 62 19 154 0 14 121 137 92 85 39 60 82 140 116 130 8 105 57 108 133 140 
64 42 27 35 51 74 13 60 57 72 77 47 45 29 79 149 154 161 56 28 67 81 62 38 147 18 138 79 40 73 104 39 56 28 16 20 17 84 9 90 76 9 168 14 0 117 147 102 81 29 70 96 150 126 144 14 109 61 118 129 150 
87 85 134 110 94 61 108 61 170 185 48 154 80 92 186 36 37 48 163 141 174 188 65 145 30 109 21 186 81 52 17 146 65 93 105 101 104 191 116 45 71 122 51 121 117 0 30 33 40 94 65 203 33 9 27 113 16 64 17 16 33 
97 105 144 120 104 77 134 87 200 211 70 164 102 118 196 22 13 34 173 171 184 210 85 161 0 129 9 200 111 74 47 160 91 123 135 127 130 201 138 61 81 152 21 137 147 30 0 49 66 124 81 213 9 25 13 133 38 86 33 18 9 
54 60 101 77 61 32 89 42 155 166 25 121 57 73 153 65 56 77 130 126 141 165 40 116 49 84 44 157 66 29 26 117 46 78 90 82 85 158 93 16 38 107 66 92 102 33 49 0 21 79 36 170 52 28 42 88 17 41 20 45 52 
51 49 98 74 58 25 72 25 134 149 12 118 44 56 150 72 73 84 127 105 138 152 29 109 66 73 57 150 45 16 29 110 29 57 69 65 68 155 80 9 35 86 87 85 81 40 66 21 0 58 29 167 69 45 63 77 28 28 37 52 69 
41 19 52 28 28 51 22 37 80 97 54 72 22 6 104 126 131 138 81 53 92 106 39 63 124 27 115 104 17 50 81 64 33 1 17 13 18 109 34 67 53 32 145 39 29 94 124 79 58 0 47 121 127 103 121 31 86 38 95 106 127 
22 28 69 45 29 8 57 10 123 134 17 89 25 41 121 97 88 109 98 94 109 133 8 84 81 52 76 125 34 13 58 85 14 46 58 50 53 126 61 24 6 75 98 60 70 65 81 36 29 47 0 138 84 60 74 56 49 9 52 77 84 
120 118 73 97 113 142 99 148 45 24 155 53 123 115 21 235 222 247 44 72 33 15 138 58 213 94 214 17 132 151 196 57 144 120 108 108 103 16 87 158 136 93 228 82 96 203 213 170 167 121 138 0 218 194 204 90 187 139 186 215 218 
102 108 149 125 109 80 137 90 203 214 73 169 105 121 201 17 8 29 178 174 189 213 88 164 9 132 12 205 114 77 50 165 94 126 138 130 133 206 141 64 86 155 18 140 150 33 9 52 69 127 84 218 0 28 18 136 41 89 36 21 0 
78 84 125 101 85 56 113 66 179 190 49 145 81 97 177 41 32 53 154 150 165 189 64 140 25 108 20 181 90 53 26 141 70 102 114 106 109 182 117 40 62 131 42 116 126 9 25 28 45 103 60 194 28 0 18 112 17 65 12 21 28 
84 102 137 113 97 70 131 84 197 208 67 157 99 115 189 35 22 47 164 168 177 207 82 154 13 126 14 193 108 71 44 153 88 120 132 124 127 192 135 54 72 149 28 130 144 27 13 42 63 121 74 204 18 18 0 130 35 83 26 15 18 
50 32 21 21 37 60 9 58 67 78 69 41 37 25 73 145 140 157 50 38 61 81 52 32 133 8 128 73 42 65 106 33 54 30 18 18 13 78 9 76 62 19 154 8 14 113 133 88 77 31 56 90 136 112 130 0 101 53 104 125 136 
71 73 118 94 78 45 96 49 162 173 36 138 68 80 170 48 45 60 147 133 158 176 53 129 38 97 33 170 73 40 9 130 53 85 97 89 92 175 104 29 55 114 59 105 109 16 38 17 28 86 49 187 41 17 35 101 0 52 9 28 41 
23 25 70 46 30 13 48 9 114 125 20 90 20 32 122 96 93 108 99 85 110 128 1 81 86 49 81 122 25 16 57 82 5 37 49 41 44 127 56 29 15 66 107 57 61 64 86 41 28 38 9 139 89 65 83 53 52 0 57 76 89 
70 76 117 93 77 48 105 58 171 182 41 137 73 89 169 49 40 61 146 142 157 181 56 132 33 100 28 173 82 45 18 133 62 94 106 98 101 174 109 32 54 123 50 108 118 17 33 20 37 95 52 186 36 12 26 104 9 57 0 29 36 
99 97 146 122 106 73 120 73 182 197 60 166 92 104 198 24 25 36 175 153 186 200 77 157 18 121 9 198 93 64 29 158 77 105 117 113 116 203 128 57 83 134 39 133 129 16 18 45 52 106 77 215 21 21 15 125 28 76 29 0 21 
102 108 149 125 109 80 137 90 203 214 73 169 105 121 201 17 8 29 178 174 189 213 88 164 9 132 12 205 114 77 50 165 94 126 138 130 133 206 141 64 86 155 18 140 150 33 9 52 69 127 84 218 0 28 18 136 41 89 36 21 0 
