15
0 14 28 20 20 15 13 8 22 28 17 32 9 48 70 49 
14 0 14 6 6 15 9 14 24 26 17 18 9 34 64 43 
28 14 0 12 12 21 15 28 22 24 27 8 19 36 66 45 
20 6 12 0 0 13 15 20 30 32 19 16 11 28 58 37 
20 6 12 0 0 13 15 20 30 32 19 16 11 28 58 37 
15 15 21 13 13 0 18 7 33 35 10 25 10 41 55 34 
13 9 15 15 15 18 0 17 19 21 20 19 12 43 73 52 
8 14 28 20 20 7 17 0 30 34 9 32 9 48 62 41 
22 24 22 30 30 33 19 30 0 10 35 18 27 58 88 67 
28 26 24 32 32 35 21 34 10 0 37 20 29 60 90 69 
17 17 27 19 19 10 20 9 35 37 0 31 12 47 53 32 
32 18 8 16 16 25 19 32 18 20 31 0 23 40 70 49 
9 9 19 11 11 10 12 9 27 29 12 23 0 39 61 40 
48 34 36 28 28 41 43 48 58 60 47 40 39 0 34 47 
70 64 66 58 58 55 73 62 88 90 53 70 61 34 0 21 
49 43 45 37 37 34 52 41 67 69 32 49 40 47 21 0 
