60
0 62 27 26 23 56 97 107 150 118 83 31 79 92 32 107 61 103 15 133 28 88 32 71 53 49 68 77 44 133 80 127 43 117 129 109 132 120 21 87 61 13 141 13 56 129 101 45 62 104 144 54 14 60 58 10 91 60 107 58 105 
62 0 43 44 39 6 35 45 88 56 21 39 17 30 46 45 17 41 63 71 50 26 38 9 17 29 10 19 34 71 18 65 27 55 67 47 70 58 57 25 9 49 79 65 14 67 39 33 8 42 82 8 64 18 12 68 29 10 45 20 43 
27 43 0 1 18 37 70 88 123 91 64 4 60 73 17 88 42 84 20 106 17 61 5 52 26 30 41 58 17 114 61 108 16 98 110 90 105 93 14 60 42 14 114 30 29 102 82 26 43 85 125 35 21 41 39 33 72 41 88 39 78 
26 44 1 0 19 38 71 89 124 92 65 5 61 74 18 89 43 85 19 107 16 62 6 53 27 31 42 59 18 115 62 109 17 99 111 91 106 94 13 61 43 13 115 29 30 103 83 27 44 86 126 36 20 42 40 32 73 42 89 40 79 
23 39 18 19 0 33 74 84 127 95 60 14 56 69 21 84 38 80 24 110 21 65 13 48 30 26 45 54 21 110 57 104 20 94 106 86 109 97 18 64 38 10 118 26 33 106 78 22 39 81 121 31 25 37 35 29 68 37 84 35 82 
56 6 37 38 33 0 41 51 94 62 27 33 23 36 40 51 19 47 57 77 44 32 32 15 19 23 12 21 28 77 24 71 21 61 73 53 76 64 51 31 11 43 85 59 16 73 45 27 10 48 88 2 58 20 14 62 35 12 51 22 49 
97 35 70 71 74 41 0 18 53 21 22 66 18 9 73 24 52 20 90 36 77 17 65 26 44 64 29 36 61 44 17 38 54 28 40 26 35 23 84 10 44 84 44 100 41 32 18 68 43 21 55 43 91 53 47 103 14 45 24 55 8 
107 45 88 89 84 51 18 0 43 15 32 84 28 15 91 16 62 20 108 26 95 35 83 36 62 74 47 46 79 26 27 20 72 10 22 14 25 17 102 28 54 94 34 110 59 22 14 78 53 11 37 53 109 63 57 113 24 55 16 65 10 
150 88 123 124 127 94 53 43 0 32 75 119 71 58 118 59 105 63 135 17 122 62 118 79 97 117 82 89 106 17 70 31 107 33 21 57 18 30 129 63 97 137 13 153 94 21 57 121 96 54 22 96 136 106 100 156 67 98 59 108 45 
118 56 91 92 95 62 21 15 32 0 43 87 39 26 86 27 73 31 103 23 90 30 86 47 65 85 50 57 74 31 38 25 75 21 27 25 22 18 97 31 65 105 31 121 62 19 25 89 64 22 42 64 104 74 68 124 35 66 27 76 13 
83 21 64 65 60 27 22 32 75 43 0 60 12 17 67 24 30 20 84 58 71 21 59 12 38 42 23 14 55 58 13 44 48 42 54 26 57 45 78 20 22 70 66 78 35 54 18 46 21 21 69 29 85 31 25 81 8 23 24 33 30 
31 39 4 5 14 33 66 84 119 87 60 0 56 69 13 84 38 80 24 102 17 57 1 48 22 26 37 54 13 110 57 104 12 94 106 86 101 89 18 56 38 18 110 34 25 98 78 22 39 81 121 31 25 37 35 37 68 37 84 35 74 
79 17 60 61 56 23 18 28 71 39 12 56 0 13 63 28 34 24 80 54 67 17 55 8 34 46 19 18 51 54 1 48 44 38 50 30 53 41 74 16 26 66 62 82 31 50 22 50 25 25 65 25 81 35 29 85 18 27 28 37 26 
92 30 73 74 69 36 9 15 58 26 17 69 13 0 76 19 47 15 93 41 80 20 68 21 47 59 32 31 64 41 12 35 57 25 37 21 40 28 87 13 39 79 49 95 44 37 13 63 38 16 52 38 94 48 42 98 9 40 19 50 17 
32 46 17 18 21 40 73 91 118 86 67 13 63 76 0 91 45 87 17 109 4 56 12 55 29 33 44 61 12 117 64 111 19 101 113 93 108 96 11 63 45 19 117 35 32 105 85 29 46 88 128 38 18 44 42 38 75 44 91 42 81 
107 45 88 89 84 51 24 16 59 27 24 84 28 19 91 0 46 4 108 42 95 35 83 36 62 58 47 30 79 42 27 28 72 26 38 2 41 29 102 28 46 94 50 94 59 38 18 62 45 15 53 53 109 47 49 97 16 47 0 49 22 
61 17 42 43 38 19 52 62 105 73 30 38 34 47 45 46 0 42 62 88 49 43 37 26 24 12 23 16 33 88 35 74 26 72 84 48 87 75 56 42 14 48 96 48 27 84 48 16 13 51 99 21 63 1 17 51 38 15 46 3 60 
103 41 84 85 80 47 20 20 63 31 20 80 24 15 87 4 42 0 104 46 91 31 79 32 58 54 43 26 75 46 23 32 68 30 42 6 45 33 98 24 42 90 54 90 55 42 16 58 41 19 57 49 105 43 45 93 12 43 4 45 26 
15 63 20 19 24 57 90 108 135 103 84 24 80 93 17 108 62 104 0 126 13 73 25 72 46 50 61 78 29 134 81 128 36 118 130 110 125 113 6 80 62 18 134 28 49 122 102 46 63 105 145 55 1 61 59 25 92 61 108 59 98 
133 71 106 107 110 77 36 26 17 23 58 102 54 41 109 42 88 46 126 0 113 53 101 62 80 100 65 72 97 12 53 20 90 16 16 40 1 13 120 46 80 120 8 136 77 4 40 104 79 37 19 79 127 89 83 139 50 81 42 91 28 
28 50 17 16 21 44 77 95 122 90 71 17 67 80 4 95 49 91 13 113 0 60 16 59 33 37 48 65 16 121 68 115 23 105 117 97 112 100 7 67 49 15 121 31 36 109 89 33 50 92 132 42 14 48 46 34 79 48 95 46 85 
88 26 61 62 65 32 17 35 62 30 21 57 17 20 56 35 43 31 73 53 60 0 56 17 35 55 20 27 44 61 18 55 45 45 57 37 52 40 67 17 35 75 61 91 32 49 29 59 34 32 72 34 74 44 38 94 25 36 35 46 25 
32 38 5 6 13 32 65 83 118 86 59 1 55 68 12 83 37 79 25 101 16 56 0 47 21 25 36 53 12 109 56 103 11 93 105 85 100 88 19 55 37 19 109 35 24 97 77 21 38 80 120 30 26 36 34 38 67 36 83 34 73 
71 9 52 53 48 15 26 36 79 47 12 48 8 21 55 36 26 32 72 62 59 17 47 0 26 38 19 18 43 62 9 56 36 46 58 38 61 49 66 16 18 58 70 74 23 58 30 42 17 33 73 17 73 27 21 77 20 19 36 29 34 
53 17 26 27 30 19 44 62 97 65 38 22 34 47 29 62 24 58 46 80 33 35 21 26 0 20 15 32 17 88 35 82 10 72 84 64 79 67 40 34 22 40 88 56 3 76 56 24 21 59 99 17 47 23 21 59 46 23 62 21 52 
49 29 30 31 26 23 64 74 117 85 42 26 46 59 33 58 12 54 50 100 37 55 25 38 20 0 35 28 29 100 47 86 22 84 96 60 99 87 44 54 20 36 108 36 23 96 60 4 21 63 111 21 51 11 17 39 50 19 58 9 72 
68 10 41 42 45 12 29 47 82 50 23 37 19 32 44 47 23 43 61 65 48 20 36 19 15 35 0 25 32 73 20 67 25 57 69 49 64 52 55 19 15 55 73 71 12 61 41 39 14 44 84 14 62 24 18 74 31 16 47 26 37 
77 19 58 59 54 21 36 46 89 57 14 54 18 31 61 30 16 26 78 72 65 27 53 18 32 28 25 0 49 72 19 58 42 56 68 32 71 59 72 26 16 64 80 64 29 68 32 32 15 35 83 23 79 17 19 67 22 17 30 19 44 
44 34 17 18 21 28 61 79 106 74 55 13 51 64 12 79 33 75 29 97 16 44 12 43 17 29 32 49 0 105 52 99 19 89 101 81 96 84 23 51 33 31 105 47 20 93 73 29 34 76 116 26 30 32 30 50 63 32 79 30 69 
133 71 114 115 110 77 44 26 17 31 58 110 54 41 117 42 88 46 134 12 121 61 109 62 88 100 73 72 105 0 53 18 98 16 4 40 13 21 128 54 80 120 8 136 85 16 40 104 79 37 11 79 135 89 83 139 50 81 42 91 36 
80 18 61 62 57 24 17 27 70 38 13 57 1 12 64 27 35 23 81 53 68 18 56 9 35 47 20 19 52 53 0 47 45 37 49 29 52 40 75 17 27 67 61 83 32 49 21 51 26 24 64 26 82 36 30 86 17 28 27 38 25 
127 65 108 109 104 71 38 20 31 25 44 104 48 35 111 28 74 32 128 20 115 55 103 56 82 86 67 58 99 18 47 0 92 10 16 26 19 15 122 48 66 114 22 122 79 16 26 90 65 23 25 73 129 75 69 125 36 67 28 77 30 
43 27 16 17 20 21 54 72 107 75 48 12 44 57 19 72 26 68 36 90 23 45 11 36 10 22 25 42 19 98 45 92 0 82 94 74 89 77 30 44 26 30 98 46 13 86 66 26 27 69 109 19 37 25 23 49 56 25 72 23 62 
117 55 98 99 94 61 28 10 33 21 42 94 38 25 101 26 72 30 118 16 105 45 93 46 72 84 57 56 89 16 37 10 82 0 12 24 15 11 112 38 64 104 24 120 69 12 24 88 63 21 27 63 119 73 67 123 34 65 26 75 20 
129 67 110 111 106 73 40 22 21 27 54 106 50 37 113 38 84 42 130 16 117 57 105 58 84 96 69 68 101 4 49 16 94 12 0 36 17 17 124 50 76 116 12 132 81 18 36 100 75 33 15 75 131 85 79 135 46 77 38 87 32 
109 47 90 91 86 53 26 14 57 25 26 86 30 21 93 2 48 6 110 40 97 37 85 38 64 60 49 32 81 40 29 26 74 24 36 0 39 27 104 30 48 96 48 96 61 36 16 64 47 13 51 55 111 49 51 99 18 49 2 51 20 
132 70 105 106 109 76 35 25 18 22 57 101 53 40 108 41 87 45 125 1 112 52 100 61 79 99 64 71 96 13 52 19 89 15 17 39 0 12 119 45 79 119 9 135 76 3 39 103 78 36 20 78 126 88 82 138 49 80 41 90 27 
120 58 93 94 97 64 23 17 30 18 45 89 41 28 96 29 75 33 113 13 100 40 88 49 67 87 52 59 84 21 40 15 77 11 17 27 12 0 107 33 67 107 21 123 64 9 27 91 66 24 32 66 114 76 70 126 37 68 29 78 15 
21 57 14 13 18 51 84 102 129 97 78 18 74 87 11 102 56 98 6 120 7 67 19 66 40 44 55 72 23 128 75 122 30 112 124 104 119 107 0 74 56 12 128 28 43 116 96 40 57 99 139 49 7 55 53 31 86 55 102 53 92 
87 25 60 61 64 31 10 28 63 31 20 56 16 13 63 28 42 24 80 46 67 17 55 16 34 54 19 26 51 54 17 48 44 38 50 30 45 33 74 0 34 74 54 90 31 42 22 58 33 25 65 33 81 43 37 93 18 35 28 45 18 
61 9 42 43 38 11 44 54 97 65 22 38 26 39 45 46 14 42 62 80 49 35 37 18 22 20 15 16 33 80 27 66 26 64 76 48 79 67 56 34 0 48 88 56 19 76 40 24 1 43 91 13 63 15 3 59 30 1 46 17 52 
13 49 14 13 10 43 84 94 137 105 70 18 66 79 19 94 48 90 18 120 15 75 19 58 40 36 55 64 31 120 67 114 30 104 116 96 119 107 12 74 48 0 128 20 43 116 88 32 49 91 131 41 19 47 45 23 78 47 94 45 92 
141 79 114 115 118 85 44 34 13 31 66 110 62 49 117 50 96 54 134 8 121 61 109 70 88 108 73 80 105 8 61 22 98 24 12 48 9 21 128 54 88 128 0 144 85 12 48 112 87 45 15 87 135 97 91 147 58 89 50 99 36 
13 65 30 29 26 59 100 110 153 121 78 34 82 95 35 94 48 90 28 136 31 91 35 74 56 36 71 64 47 136 83 122 46 120 132 96 135 123 28 90 56 20 144 0 59 132 96 32 57 99 147 57 27 47 53 3 86 55 94 45 108 
56 14 29 30 33 16 41 59 94 62 35 25 31 44 32 59 27 55 49 77 36 32 24 23 3 23 12 29 20 85 32 79 13 69 81 61 76 64 43 31 19 43 85 59 0 73 53 27 18 56 96 18 50 26 22 62 43 20 59 24 49 
129 67 102 103 106 73 32 22 21 19 54 98 50 37 105 38 84 42 122 4 109 49 97 58 76 96 61 68 93 16 49 16 86 12 18 36 3 9 116 42 76 116 12 132 73 0 36 100 75 33 23 75 123 85 79 135 46 77 38 87 24 
101 39 82 83 78 45 18 14 57 25 18 78 22 13 85 18 48 16 102 40 89 29 77 30 56 60 41 32 73 40 21 26 66 24 36 16 39 27 96 22 40 88 48 96 53 36 0 64 39 3 51 47 103 49 43 99 10 41 18 51 20 
45 33 26 27 22 27 68 78 121 89 46 22 50 63 29 62 16 58 46 104 33 59 21 42 24 4 39 32 29 104 51 90 26 88 100 64 103 91 40 58 24 32 112 32 27 100 64 0 25 67 115 25 47 15 21 35 54 23 62 13 76 
62 8 43 44 39 10 43 53 96 64 21 39 25 38 46 45 13 41 63 79 50 34 38 17 21 21 14 15 34 79 26 65 27 63 75 47 78 66 57 33 1 49 87 57 18 75 39 25 0 42 90 12 64 14 4 60 29 2 45 16 51 
104 42 85 86 81 48 21 11 54 22 21 81 25 16 88 15 51 19 105 37 92 32 80 33 59 63 44 35 76 37 24 23 69 21 33 13 36 24 99 25 43 91 45 99 56 33 3 67 42 0 48 50 106 52 46 102 13 44 15 54 17 
144 82 125 126 121 88 55 37 22 42 69 121 65 52 128 53 99 57 145 19 132 72 120 73 99 111 84 83 116 11 64 25 109 27 15 51 20 32 139 65 91 131 15 147 96 23 51 115 90 48 0 90 146 100 94 150 61 92 53 102 47 
54 8 35 36 31 2 43 53 96 64 29 31 25 38 38 53 21 49 55 79 42 34 30 17 17 21 14 23 26 79 26 73 19 63 75 55 78 66 49 33 13 41 87 57 18 75 47 25 12 50 90 0 56 22 16 60 37 14 53 22 51 
14 64 21 20 25 58 91 109 136 104 85 25 81 94 18 109 63 105 1 127 14 74 26 73 47 51 62 79 30 135 82 129 37 119 131 111 126 114 7 81 63 19 135 27 50 123 103 47 64 106 146 56 0 62 60 24 93 62 109 60 99 
60 18 41 42 37 20 53 63 106 74 31 37 35 48 44 47 1 43 61 89 48 44 36 27 23 11 24 17 32 89 36 75 25 73 85 49 88 76 55 43 15 47 97 47 26 85 49 15 14 52 100 22 62 0 18 50 39 16 47 2 61 
58 12 39 40 35 14 47 57 100 68 25 35 29 42 42 49 17 45 59 83 46 38 34 21 21 17 18 19 30 83 30 69 23 67 79 51 82 70 53 37 3 45 91 53 22 79 43 21 4 46 94 16 60 18 0 56 33 2 49 18 55 
10 68 33 32 29 62 103 113 156 124 81 37 85 98 38 97 51 93 25 139 34 94 38 77 59 39 74 67 50 139 86 125 49 123 135 99 138 126 31 93 59 23 147 3 62 135 99 35 60 102 150 60 24 50 56 0 89 58 97 48 111 
91 29 72 73 68 35 14 24 67 35 8 68 18 9 75 16 38 12 92 50 79 25 67 20 46 50 31 22 63 50 17 36 56 34 46 18 49 37 86 18 30 78 58 86 43 46 10 54 29 13 61 37 93 39 33 89 0 31 16 41 22 
60 10 41 42 37 12 45 55 98 66 23 37 27 40 44 47 15 43 61 81 48 36 36 19 23 19 16 17 32 81 28 67 25 65 77 49 80 68 55 35 1 47 89 55 20 77 41 23 2 44 92 14 62 16 2 58 31 0 47 18 53 
107 45 88 89 84 51 24 16 59 27 24 84 28 19 91 0 46 4 108 42 95 35 83 36 62 58 47 30 79 42 27 28 72 26 38 2 41 29 102 28 46 94 50 94 59 38 18 62 45 15 53 53 109 47 49 97 16 47 0 49 22 
58 20 39 40 35 22 55 65 108 76 33 35 37 50 42 49 3 45 59 91 46 46 34 29 21 9 26 19 30 91 38 77 23 75 87 51 90 78 53 45 17 45 99 45 24 87 51 13 16 54 102 22 60 2 18 48 41 18 49 0 63 
105 43 78 79 82 49 8 10 45 13 30 74 26 17 81 22 60 26 98 28 85 25 73 34 52 72 37 44 69 36 25 30 62 20 32 20 27 15 92 18 52 92 36 108 49 24 20 76 51 17 47 51 99 61 55 111 22 53 22 63 0 
