60
0 13 22 23 18 14 13 7 11 19 15 26 11 9 30 20 22 21 29 12 27 23 12 23 24 17 20 29 4 9 24 6 8 10 32 14 18 20 7 33 19 9 17 25 18 12 2 33 23 32 22 44 30 33 51 39 40 30 24 64 41 
13 0 19 18 5 1 26 6 24 32 26 23 2 4 27 33 27 34 20 25 22 34 1 26 25 24 29 28 9 22 25 7 21 23 25 27 23 7 20 24 22 22 30 24 23 25 11 24 26 33 35 31 17 32 38 42 27 43 37 51 40 
22 19 0 1 14 18 9 25 25 29 25 14 21 23 18 36 26 35 11 26 13 25 20 17 24 5 28 19 26 31 16 26 14 12 16 8 22 12 15 23 3 13 31 23 22 28 24 15 25 32 44 30 16 31 37 41 18 42 46 42 39 
23 18 1 0 13 17 10 24 26 28 24 13 20 22 17 35 25 34 10 27 12 24 19 16 23 6 27 18 27 30 15 25 15 13 15 9 21 11 16 22 4 14 30 22 21 27 25 14 24 31 45 29 15 30 36 40 17 41 47 41 38 
18 5 14 13 0 4 23 11 29 33 21 18 7 9 22 32 22 31 15 30 17 29 6 21 20 19 24 23 14 27 20 12 26 26 20 22 18 2 25 19 17 27 27 19 18 24 16 19 21 28 40 26 12 27 33 37 22 38 42 46 35 
14 1 18 17 4 0 27 7 25 33 25 22 3 5 26 34 26 35 19 26 21 33 2 25 24 23 28 27 10 23 24 8 22 24 24 26 22 6 21 23 21 23 31 23 22 26 12 23 25 32 36 30 16 31 37 41 26 42 38 50 39 
13 26 9 10 23 27 0 20 16 24 28 23 24 22 27 33 35 34 20 17 22 28 25 26 33 4 33 28 17 22 25 19 5 3 25 1 31 21 6 32 6 4 30 32 31 25 15 24 34 41 35 39 25 40 46 50 27 43 37 51 48 
7 6 25 24 11 7 20 0 18 26 22 29 4 2 33 27 29 28 26 19 28 30 5 30 31 24 27 34 3 16 31 1 15 17 31 21 25 13 14 30 26 16 24 30 25 19 5 30 30 39 29 37 23 38 44 46 33 37 31 57 46 
11 24 25 26 29 25 16 18 0 14 26 15 22 20 25 31 33 32 18 1 16 18 23 12 35 20 31 24 15 20 13 17 11 13 27 17 29 31 10 42 22 12 28 36 29 23 13 26 34 43 33 49 35 44 56 50 29 41 35 53 52 
19 32 29 28 33 33 24 26 14 0 34 25 30 28 11 39 41 40 22 15 24 4 31 26 43 28 39 10 23 28 27 25 19 21 13 25 37 31 18 42 30 20 36 42 37 31 21 14 42 51 41 49 35 50 56 58 29 49 43 45 58 
15 26 25 24 21 25 28 22 26 34 0 29 26 24 33 27 25 28 26 27 28 38 27 32 23 30 27 34 19 6 31 21 23 25 31 29 3 19 22 22 28 24 24 22 3 3 17 30 24 31 29 29 15 30 36 40 33 37 31 57 38 
26 23 14 13 18 22 23 29 15 25 29 0 25 27 14 40 30 39 3 14 1 21 24 3 28 19 32 15 30 35 2 30 26 26 12 22 26 16 25 27 17 27 35 27 26 32 28 11 29 36 48 34 20 35 41 45 14 46 50 38 43 
11 2 21 20 7 3 24 4 22 30 26 25 0 2 29 31 29 32 22 23 24 34 1 28 27 26 31 30 7 20 27 5 19 21 27 25 25 9 18 26 24 20 28 26 25 23 9 26 28 35 33 33 19 34 40 44 29 41 35 53 42 
9 4 23 22 9 5 22 2 20 28 24 27 2 0 31 29 31 30 24 21 26 32 3 30 29 26 29 32 5 18 29 3 17 19 29 23 27 11 16 28 26 18 26 28 27 21 7 28 30 37 31 35 21 36 42 46 31 39 33 55 44 
30 27 18 17 22 26 27 33 25 11 33 14 29 31 0 44 34 43 11 26 13 7 28 17 32 23 36 1 34 39 16 34 30 30 2 26 30 20 29 31 21 31 39 31 30 36 32 3 33 40 52 38 24 39 45 49 18 50 54 34 47 
20 33 36 35 32 34 33 27 31 39 27 40 31 29 44 0 26 1 37 32 39 43 32 43 26 37 24 45 24 21 42 26 28 30 42 34 30 30 27 13 39 29 21 25 30 24 22 41 27 26 18 24 26 25 31 35 44 26 20 68 33 
22 27 26 25 22 26 35 29 33 41 25 30 29 31 34 26 0 27 27 34 29 41 28 33 2 31 2 35 26 23 32 28 30 32 32 34 22 20 29 15 29 31 5 3 22 26 24 31 1 24 28 22 16 23 29 33 34 34 30 58 31 
21 34 35 34 31 35 34 28 32 40 28 39 32 30 43 1 27 0 36 33 38 44 33 42 25 38 25 44 25 22 41 27 29 31 41 35 31 29 28 12 38 30 22 24 31 25 23 40 26 25 19 23 25 24 30 34 43 27 21 67 32 
29 20 11 10 15 19 20 26 18 22 26 3 22 24 11 37 27 36 0 17 2 18 21 6 25 16 29 12 29 32 5 27 25 23 9 19 23 13 26 24 14 24 32 24 23 29 31 8 26 33 51 31 17 32 38 42 11 43 49 35 40 
12 25 26 27 30 26 17 19 1 15 27 14 23 21 26 32 34 33 17 0 15 19 24 11 36 21 32 25 16 21 12 18 12 14 26 18 30 30 11 41 23 13 29 37 30 24 14 25 35 44 34 48 34 45 55 51 28 42 36 52 53 
27 22 13 12 17 21 22 28 16 24 28 1 24 26 13 39 29 38 2 15 0 20 23 4 27 18 31 14 31 34 3 29 27 25 11 21 25 15 26 26 16 26 34 26 25 31 29 10 28 35 49 33 19 34 40 44 13 45 51 37 42 
23 34 25 24 29 33 28 30 18 4 38 21 34 32 7 43 41 44 18 19 20 0 35 24 39 30 43 6 27 32 23 29 23 25 9 29 37 27 22 38 28 24 40 38 37 35 25 10 40 47 45 45 31 46 52 56 25 53 47 41 54 
12 1 20 19 6 2 25 5 23 31 27 24 1 3 28 32 28 33 21 24 23 35 0 27 26 25 30 29 8 21 26 6 20 22 26 26 24 8 19 25 23 21 29 25 24 24 10 25 27 34 34 32 18 33 39 43 28 42 36 52 41 
23 26 17 16 21 25 26 30 12 26 32 3 28 30 17 43 33 42 6 11 4 24 27 0 31 22 35 18 27 32 1 29 23 25 15 25 29 19 22 30 20 24 38 30 29 35 25 14 32 39 45 37 23 38 44 48 17 49 47 41 46 
24 25 24 23 20 24 33 31 35 43 23 28 27 29 32 26 2 25 25 36 27 39 26 31 0 29 4 33 28 25 30 30 32 34 30 32 20 18 31 13 27 33 7 1 20 26 26 29 1 22 30 20 14 21 27 31 32 32 32 56 29 
17 24 5 6 19 23 4 24 20 28 30 19 26 26 23 37 31 38 16 21 18 30 25 22 29 0 33 24 21 26 21 23 9 7 21 3 27 17 10 28 2 8 34 28 27 29 19 20 30 37 39 35 21 36 42 46 23 47 41 47 44 
20 29 28 27 24 28 33 27 31 39 27 32 31 29 36 24 2 25 29 32 31 43 30 35 4 33 0 37 24 21 34 26 28 30 34 34 24 22 27 17 31 29 3 5 24 24 22 33 3 26 26 24 18 25 31 35 36 34 28 60 33 
29 28 19 18 23 27 28 34 24 10 34 15 30 32 1 45 35 44 12 25 14 6 29 18 33 24 37 0 33 38 17 35 29 31 3 27 31 21 28 32 22 30 40 32 31 37 31 4 34 41 51 39 25 40 46 50 19 51 53 35 48 
4 9 26 27 14 10 17 3 15 23 19 30 7 5 34 24 26 25 29 16 31 27 8 27 28 21 24 33 0 13 28 2 12 14 34 18 22 16 11 33 23 13 21 29 22 16 2 33 27 36 26 40 26 37 47 43 36 34 28 60 45 
9 22 31 30 27 23 22 16 20 28 6 35 20 18 39 21 23 22 32 21 34 32 21 32 25 26 21 38 13 0 33 15 17 19 37 23 9 25 16 28 28 18 18 26 9 3 11 36 24 33 23 35 21 34 42 40 39 31 25 63 42 
24 25 16 15 20 24 25 31 13 27 31 2 27 29 16 42 32 41 5 12 3 23 26 1 30 21 34 17 28 33 0 30 24 26 14 24 28 18 23 29 19 25 37 29 28 34 26 13 31 38 46 36 22 37 43 47 16 48 48 40 45 
6 7 26 25 12 8 19 1 17 25 21 30 5 3 34 26 28 27 27 18 29 29 6 29 30 23 26 35 2 15 30 0 14 16 32 20 24 14 13 31 25 15 23 31 24 18 4 31 29 38 28 38 24 39 45 45 34 36 30 58 47 
8 21 14 15 26 22 5 15 11 19 23 26 19 17 30 28 30 29 25 12 27 23 20 23 32 9 28 29 12 17 24 14 0 2 30 6 26 26 1 37 11 1 25 33 26 20 10 29 31 40 30 44 30 41 51 47 32 38 32 56 49 
10 23 12 13 26 24 3 17 13 21 25 26 21 19 30 30 32 31 23 14 25 25 22 25 34 7 30 31 14 19 26 16 2 0 28 4 28 24 3 35 9 1 27 35 28 22 12 27 33 42 32 42 28 43 49 49 30 40 34 54 51 
32 25 16 15 20 24 25 31 27 13 31 12 27 29 2 42 32 41 9 26 11 9 26 15 30 21 34 3 34 37 14 32 30 28 0 24 28 18 31 29 19 29 37 29 28 34 34 1 31 38 54 36 22 37 43 47 16 48 54 32 45 
14 27 8 9 22 26 1 21 17 25 29 22 25 23 26 34 34 35 19 18 21 29 26 25 32 3 34 27 18 23 24 20 6 4 24 0 30 20 7 31 5 5 31 31 30 26 16 23 33 40 36 38 24 39 45 49 26 44 38 50 47 
18 23 22 21 18 22 31 25 29 37 3 26 25 27 30 30 22 31 23 30 25 37 24 29 20 27 24 31 22 9 28 24 26 28 28 30 0 16 25 19 25 27 27 19 0 6 20 27 21 28 32 26 12 27 33 37 30 38 34 54 35 
20 7 12 11 2 6 21 13 31 31 19 16 9 11 20 30 20 29 13 30 15 27 8 19 18 17 22 21 16 25 18 14 26 24 18 20 16 0 27 17 15 25 25 17 16 22 18 17 19 26 42 24 10 25 31 35 20 36 42 44 33 
7 20 15 16 25 21 6 14 10 18 22 25 18 16 29 27 29 28 26 11 26 22 19 22 31 10 27 28 11 16 23 13 1 3 31 7 25 27 0 38 12 2 24 32 25 19 9 30 30 39 29 45 31 40 52 46 33 37 31 57 48 
33 24 23 22 19 23 32 30 42 42 22 27 26 28 31 13 15 12 24 41 26 38 25 30 13 28 17 32 33 28 29 31 37 35 29 31 19 17 38 0 26 36 20 12 19 25 35 28 14 13 31 11 13 12 18 22 31 23 29 55 20 
19 22 3 4 17 21 6 26 22 30 28 17 24 26 21 39 29 38 14 23 16 28 23 20 27 2 31 22 23 28 19 25 11 9 19 5 25 15 12 26 0 10 34 26 25 31 21 18 28 35 41 33 19 34 40 44 21 45 43 45 42 
9 22 13 14 27 23 4 16 12 20 24 27 20 18 31 29 31 30 24 13 26 24 21 24 33 8 29 30 13 18 25 15 1 1 29 5 27 25 2 36 10 0 26 34 27 21 11 28 32 41 31 43 29 42 50 48 31 39 33 55 50 
17 30 31 30 27 31 30 24 28 36 24 35 28 26 39 21 5 22 32 29 34 40 29 38 7 34 3 40 21 18 37 23 25 27 37 31 27 25 24 20 34 26 0 8 27 21 19 36 6 29 23 27 21 28 34 38 39 31 25 63 36 
25 24 23 22 19 23 32 30 36 42 22 27 26 28 31 25 3 24 24 37 26 38 25 30 1 28 5 32 29 26 29 31 33 35 29 31 19 17 32 12 26 34 8 0 19 25 27 28 2 21 31 19 13 20 26 30 31 31 33 55 28 
18 23 22 21 18 22 31 25 29 37 3 26 25 27 30 30 22 31 23 30 25 37 24 29 20 27 24 31 22 9 28 24 26 28 28 30 0 16 25 19 25 27 27 19 0 6 20 27 21 28 32 26 12 27 33 37 30 38 34 54 35 
12 25 28 27 24 26 25 19 23 31 3 32 23 21 36 24 26 25 29 24 31 35 24 35 26 29 24 37 16 3 34 18 20 22 34 26 6 22 19 25 31 21 21 25 6 0 14 33 27 34 26 32 18 33 39 43 36 34 28 60 41 
2 11 24 25 16 12 15 5 13 21 17 28 9 7 32 22 24 23 31 14 29 25 10 25 26 19 22 31 2 11 26 4 10 12 34 16 20 18 9 35 21 11 19 27 20 14 0 35 25 34 24 42 28 35 49 41 38 32 26 62 43 
33 24 15 14 19 23 24 30 26 14 30 11 26 28 3 41 31 40 8 25 10 10 25 14 29 20 33 4 33 36 13 31 29 27 1 23 27 17 30 28 18 28 36 28 27 33 35 0 30 37 55 35 21 36 42 46 15 47 53 31 44 
23 26 25 24 21 25 34 30 34 42 24 29 28 30 33 27 1 26 26 35 28 40 27 32 1 30 3 34 27 24 31 29 31 33 31 33 21 19 30 14 28 32 6 2 21 27 25 30 0 23 29 21 15 22 28 32 33 33 31 57 30 
32 33 32 31 28 32 41 39 43 51 31 36 35 37 40 26 24 25 33 44 35 47 34 39 22 37 26 41 36 33 38 38 40 42 38 40 28 26 39 13 35 41 29 21 28 34 34 37 23 0 22 12 22 1 19 23 40 24 24 64 21 
22 35 44 45 40 36 35 29 33 41 29 48 33 31 52 18 28 19 51 34 49 45 34 45 30 39 26 51 26 23 46 28 30 32 54 36 32 42 29 31 41 31 23 31 32 26 24 55 29 22 0 30 40 23 29 21 58 8 2 82 23 
44 31 30 29 26 30 39 37 49 49 29 34 33 35 38 24 22 23 31 48 33 45 32 37 20 35 24 39 40 35 36 38 44 42 36 38 26 24 45 11 33 43 27 19 26 32 42 35 21 12 30 0 20 11 17 21 38 22 28 56 19 
30 17 16 15 12 16 25 23 35 35 15 20 19 21 24 26 16 25 17 34 19 31 18 23 14 21 18 25 26 21 22 24 30 28 22 24 12 10 31 13 19 29 21 13 12 18 28 21 15 22 40 20 0 21 27 31 24 32 38 46 29 
33 32 31 30 27 31 40 38 44 50 30 35 34 36 39 25 23 24 32 45 34 46 33 38 21 36 25 40 37 34 37 39 41 43 37 39 27 25 40 12 34 42 28 20 27 33 35 36 22 1 23 11 21 0 18 22 39 23 25 63 20 
51 38 37 36 33 37 46 44 56 56 36 41 40 42 45 31 29 30 38 55 40 52 39 44 27 42 31 46 47 42 43 45 51 49 43 45 33 31 52 18 40 50 34 26 33 39 49 42 28 19 29 17 27 18 0 20 45 21 27 57 18 
39 42 41 40 37 41 50 46 50 58 40 45 44 46 49 35 33 34 42 51 44 56 43 48 31 46 35 50 43 40 47 45 47 49 47 49 37 35 46 22 44 48 38 30 37 43 41 46 32 23 21 21 31 22 20 0 49 25 23 73 2 
40 27 18 17 22 26 27 33 29 29 33 14 29 31 18 44 34 43 11 28 13 25 28 17 32 23 36 19 36 39 16 34 32 30 16 26 30 20 33 31 21 31 39 31 30 36 38 15 33 40 58 38 24 39 45 49 0 50 56 28 47 
30 43 42 41 38 42 43 37 41 49 37 46 41 39 50 26 34 27 43 42 45 53 42 49 32 47 34 51 34 31 48 36 38 40 48 44 38 36 37 23 45 39 31 31 38 34 32 47 33 24 8 22 32 23 21 25 50 0 6 74 23 
24 37 46 47 42 38 37 31 35 43 31 50 35 33 54 20 30 21 49 36 51 47 36 47 32 41 28 53 28 25 48 30 32 34 54 38 34 42 31 29 43 33 25 33 34 28 26 53 31 24 2 28 38 25 27 23 56 6 0 80 25 
64 51 42 41 46 50 51 57 53 45 57 38 53 55 34 68 58 67 35 52 37 41 52 41 56 47 60 35 60 63 40 58 56 54 32 50 54 44 57 55 45 55 63 55 54 60 62 31 57 64 82 56 46 63 57 73 28 74 80 0 71 
41 40 39 38 35 39 48 46 52 58 38 43 42 44 47 33 31 32 40 53 42 54 41 46 29 44 33 48 45 42 45 47 49 51 45 47 35 33 48 20 42 50 36 28 35 41 43 44 30 21 23 19 29 20 18 2 47 23 25 71 0 
