60
0 34 23 18 15 30 52 55 90 80 45 28 37 48 35 70 49 73 23 76 34 66 37 39 43 38 52 45 61 42 74 34 58 64 75 68 62 52 33 51 34 9 77 31 36 71 61 41 38 54 71 29 31 48 41 22 56 42 42 66 55 
34 0 27 24 19 12 18 29 56 46 19 30 11 14 39 44 33 47 43 42 40 32 15 19 39 8 30 37 35 16 48 24 32 30 49 34 28 18 49 17 16 33 43 59 14 37 35 41 20 28 37 13 51 34 25 52 30 16 24 40 21 
23 27 0 11 14 31 37 56 67 57 46 9 38 41 18 71 50 74 16 53 19 43 38 16 44 23 53 22 62 43 75 11 59 57 76 53 47 37 22 28 35 22 54 48 13 48 62 42 39 55 64 30 24 49 42 41 57 43 43 67 40 
18 24 11 0 11 28 34 53 72 62 43 14 35 38 23 68 47 71 19 58 22 48 35 21 41 20 50 27 59 40 72 16 56 54 73 50 44 34 25 33 32 17 59 43 18 53 59 39 36 52 61 27 27 46 39 36 54 40 40 64 37 
15 19 14 11 0 23 37 48 75 65 38 17 30 33 26 63 42 66 24 61 27 51 30 24 36 23 45 30 54 35 67 19 51 49 68 53 47 37 30 36 27 14 62 40 21 56 54 34 31 47 56 22 32 41 34 33 49 35 35 59 40 
30 12 31 28 23 0 30 25 68 58 15 34 15 26 43 40 25 43 47 54 44 44 7 27 27 16 22 41 39 12 44 28 28 42 45 46 40 30 53 29 8 21 55 47 22 49 31 29 12 24 49 1 55 26 17 40 26 12 16 36 33 
52 18 37 34 37 30 0 19 38 28 23 40 15 8 49 38 51 41 53 24 50 26 23 29 57 14 40 47 25 18 38 34 22 20 43 16 10 0 59 9 34 51 25 77 24 19 29 59 38 22 27 31 61 52 43 70 28 18 42 34 3 
55 29 56 53 48 25 19 0 43 37 18 59 18 15 68 25 46 30 72 29 69 45 18 48 52 33 35 66 14 13 19 53 3 17 28 21 19 19 78 28 29 46 30 72 43 24 18 54 33 9 24 26 80 47 38 65 23 13 37 21 16 
90 56 67 72 75 68 38 43 0 18 61 62 53 42 55 68 89 73 67 14 56 32 61 51 95 52 78 53 29 56 48 56 40 26 71 22 28 38 65 39 72 89 17 115 54 19 61 97 76 52 27 69 67 90 81 108 66 56 80 64 35 
80 46 57 62 65 58 28 37 18 0 51 52 43 32 45 58 79 63 57 20 46 14 51 41 85 42 68 35 37 46 50 46 38 32 61 28 26 28 47 29 62 79 29 105 44 23 51 87 66 42 39 59 49 80 71 98 56 46 70 54 25 
45 19 46 43 38 15 23 18 61 51 0 49 12 19 58 25 28 28 62 47 59 41 8 38 34 23 17 56 32 9 29 43 21 35 30 39 33 23 68 26 11 36 48 54 33 42 16 36 15 9 42 16 70 29 20 47 15 9 19 21 26 
28 30 9 14 17 34 40 59 62 52 49 0 41 44 13 74 53 77 13 48 14 38 41 11 47 26 56 17 65 46 78 6 62 60 79 56 50 40 19 31 38 27 57 53 16 51 65 45 42 58 67 33 21 52 45 46 60 46 46 70 43 
37 11 38 35 30 15 15 18 53 43 12 41 0 11 50 33 36 36 54 39 51 33 8 30 42 15 25 48 24 9 37 35 21 27 38 31 25 15 60 18 19 36 40 62 25 34 24 44 23 17 34 16 62 37 28 55 23 9 27 29 18 
48 14 41 38 33 26 8 15 42 32 19 44 11 0 53 34 47 37 57 28 54 30 19 33 53 18 36 51 21 14 34 38 18 16 39 20 14 8 63 13 30 47 29 73 28 23 25 55 34 18 23 27 65 48 39 66 24 14 38 30 11 
35 39 18 23 26 43 49 68 55 45 58 13 50 53 0 83 62 86 12 57 1 31 50 20 56 35 65 10 74 55 87 15 71 69 88 65 59 49 10 40 47 34 66 60 25 60 74 54 51 67 76 42 12 61 54 53 69 55 55 79 52 
70 44 71 68 63 40 38 25 68 58 25 74 33 34 83 0 21 11 87 54 84 60 33 63 27 48 18 81 39 28 20 68 28 42 9 46 40 38 93 43 36 61 55 47 58 49 15 29 32 22 49 41 95 22 29 48 14 28 28 10 37 
49 33 50 47 42 25 51 46 89 79 28 53 36 47 62 21 0 24 66 75 63 65 28 46 6 37 11 60 60 33 41 47 49 63 26 67 61 51 72 50 21 40 76 26 43 70 28 8 17 37 70 26 74 1 14 27 23 33 13 25 54 
73 47 74 71 66 43 41 30 73 63 28 77 36 37 86 11 24 0 90 59 87 63 36 66 30 51 21 84 44 31 25 71 33 47 2 51 45 41 96 46 39 64 60 42 61 54 18 32 35 27 54 44 98 25 32 51 17 31 31 15 42 
23 43 16 19 24 47 53 72 67 57 62 13 54 57 12 87 66 90 0 61 11 43 54 24 60 39 69 22 78 59 91 19 75 73 92 69 63 53 14 44 51 30 70 54 29 64 78 58 55 71 80 46 14 65 58 45 73 59 59 83 56 
76 42 53 58 61 54 24 29 14 20 47 48 39 28 57 54 75 59 61 0 58 34 47 37 81 38 64 55 21 42 38 42 26 18 57 14 14 24 67 25 58 75 9 101 40 11 47 83 62 38 19 55 69 76 67 94 52 42 66 50 21 
34 40 19 22 27 44 50 69 56 46 59 14 51 54 1 84 63 87 11 58 0 32 51 21 57 36 66 11 75 56 88 16 72 70 89 66 60 50 9 41 48 33 67 59 26 61 75 55 52 68 77 43 11 62 55 52 70 56 56 80 53 
66 32 43 48 51 44 26 45 32 14 41 38 33 30 31 60 65 63 43 34 32 0 37 27 71 28 54 21 51 38 64 32 48 46 65 42 36 26 33 23 48 65 43 91 30 37 51 73 52 44 53 45 35 66 57 84 50 38 56 56 29 
37 15 38 35 30 7 23 18 61 51 8 41 8 19 50 33 28 36 54 47 51 37 0 30 34 19 21 48 32 5 37 35 21 35 38 39 33 23 60 22 11 28 48 54 25 42 24 36 15 17 42 8 62 29 20 47 19 5 19 29 26 
39 19 16 21 24 27 29 48 51 41 38 11 30 33 20 63 46 66 24 37 21 27 30 0 44 15 45 18 54 35 67 5 51 49 68 45 39 29 30 20 31 38 46 64 9 40 54 46 35 47 56 26 32 45 38 57 49 35 39 59 32 
43 39 44 41 36 27 57 52 95 85 34 47 42 53 56 27 6 30 60 81 57 71 34 44 0 43 17 58 66 39 47 45 55 69 32 73 67 57 66 56 23 34 82 20 41 76 34 2 19 43 76 26 68 5 14 21 29 39 15 31 60 
38 8 23 20 23 16 14 33 52 42 23 26 15 18 35 48 37 51 39 38 36 28 19 15 43 0 34 33 39 20 52 20 36 34 53 30 24 14 45 13 20 37 39 63 10 33 39 45 24 32 41 17 47 38 29 56 34 20 28 44 17 
52 30 53 50 45 22 40 35 78 68 17 56 25 36 65 18 11 21 69 64 66 54 21 45 17 34 0 63 49 22 30 50 38 52 23 56 50 40 75 39 18 43 65 37 40 59 17 19 14 26 59 23 77 12 11 30 12 22 10 14 43 
45 37 22 27 30 41 47 66 53 35 56 17 48 51 10 81 60 84 22 55 11 21 48 18 58 33 63 0 72 53 85 19 69 67 86 63 57 47 12 38 45 44 64 70 23 58 72 58 49 65 74 40 14 59 52 63 67 53 53 77 50 
61 35 62 59 54 39 25 14 29 37 32 65 24 21 74 39 60 44 78 21 75 51 32 54 66 39 49 72 0 27 23 59 11 9 42 13 15 25 84 34 43 60 16 86 49 18 32 68 47 23 10 40 86 61 52 79 37 27 51 35 22 
42 16 43 40 35 12 18 13 56 46 9 46 9 14 55 28 33 31 59 42 56 38 5 35 39 20 22 53 27 0 32 40 16 30 33 34 28 18 65 23 16 33 43 59 30 37 19 41 20 12 37 13 67 34 25 52 18 0 24 24 21 
74 48 75 72 67 44 38 19 48 50 29 78 37 34 87 20 41 25 91 38 88 64 37 67 47 52 30 85 23 32 0 72 16 26 23 30 28 38 97 47 40 65 35 67 62 33 13 49 36 20 29 45 99 42 33 60 18 32 32 16 35 
34 24 11 16 19 28 34 53 56 46 43 6 35 38 15 68 47 71 19 42 16 32 35 5 45 20 50 19 59 40 72 0 56 54 73 50 44 34 25 25 32 33 51 59 10 45 59 47 36 52 61 27 27 46 39 52 54 40 40 64 37 
58 32 59 56 51 28 22 3 40 38 21 62 21 18 71 28 49 33 75 26 72 48 21 51 55 36 38 69 11 16 16 56 0 14 31 18 16 22 81 31 32 49 27 75 46 21 21 57 36 12 21 29 83 50 41 68 26 16 40 24 19 
64 30 57 54 49 42 20 17 26 32 35 60 27 16 69 42 63 47 73 18 70 46 35 49 69 34 52 67 9 30 26 54 14 0 45 10 10 20 79 29 46 63 13 89 44 15 35 71 50 26 7 43 81 64 55 82 40 30 54 38 17 
75 49 76 73 68 45 43 28 71 61 30 79 38 39 88 9 26 2 92 57 89 65 38 68 32 53 23 86 42 33 23 73 31 45 0 49 43 43 98 48 41 66 58 44 63 52 18 34 37 25 52 46 100 27 34 53 19 33 33 13 40 
68 34 53 50 53 46 16 21 22 28 39 56 31 20 65 46 67 51 69 14 66 42 39 45 73 30 56 63 13 34 30 50 18 10 49 0 6 16 75 25 50 67 9 93 40 11 39 75 54 30 11 47 77 68 59 86 44 34 58 42 13 
62 28 47 44 47 40 10 19 28 26 33 50 25 14 59 40 61 45 63 14 60 36 33 39 67 24 50 57 15 28 28 44 16 10 43 6 0 10 69 19 44 61 15 87 34 9 33 69 48 24 17 41 71 62 53 80 38 28 52 36 7 
52 18 37 34 37 30 0 19 38 28 23 40 15 8 49 38 51 41 53 24 50 26 23 29 57 14 40 47 25 18 38 34 22 20 43 16 10 0 59 9 34 51 25 77 24 19 29 59 38 22 27 31 61 52 43 70 28 18 42 34 3 
33 49 22 25 30 53 59 78 65 47 68 19 60 63 10 93 72 96 14 67 9 33 60 30 66 45 75 12 84 65 97 25 81 79 98 75 69 59 0 50 57 36 76 62 35 70 84 64 61 77 86 52 2 71 64 55 79 65 65 89 62 
51 17 28 33 36 29 9 28 39 29 26 31 18 13 40 43 50 46 44 25 41 23 22 20 56 13 39 38 34 23 47 25 31 29 48 25 19 9 50 0 33 50 26 76 15 20 34 58 37 27 36 30 52 51 42 69 33 23 41 39 12 
34 16 35 32 27 8 34 29 72 62 11 38 19 30 47 36 21 39 51 58 48 48 11 31 23 20 18 45 43 16 40 32 32 46 41 50 44 34 57 33 0 25 59 43 26 53 27 25 8 20 53 9 59 22 13 36 22 16 12 32 37 
9 33 22 17 14 21 51 46 89 79 36 27 36 47 34 61 40 64 30 75 33 65 28 38 34 37 43 44 60 33 65 33 49 63 66 67 61 51 36 50 25 0 76 30 35 70 52 32 29 45 70 20 38 39 32 23 47 33 33 57 54 
77 43 54 59 62 55 25 30 17 29 48 57 40 29 66 55 76 60 70 9 67 43 48 46 82 39 65 64 16 43 35 51 27 13 58 9 15 25 76 26 59 76 0 102 41 6 48 84 63 39 14 56 78 77 68 95 53 43 67 51 22 
31 59 48 43 40 47 77 72 115 105 54 53 62 73 60 47 26 42 54 101 59 91 54 64 20 63 37 70 86 59 67 59 75 89 44 93 87 77 62 76 43 30 102 0 61 96 54 18 39 63 96 46 62 25 34 13 49 59 35 51 80 
36 14 13 18 21 22 24 43 54 44 33 16 25 28 25 58 43 61 29 40 26 30 25 9 41 10 40 23 49 30 62 10 46 44 63 40 34 24 35 15 26 35 41 61 0 35 49 43 30 42 51 23 37 42 35 54 44 30 34 54 27 
71 37 48 53 56 49 19 24 19 23 42 51 34 23 60 49 70 54 64 11 61 37 42 40 76 33 59 58 18 37 33 45 21 15 52 11 9 19 70 20 53 70 6 96 35 0 42 78 57 33 16 50 72 71 62 89 47 37 61 45 16 
61 35 62 59 54 31 29 18 61 51 16 65 24 25 74 15 28 18 78 47 75 51 24 54 34 39 17 72 32 19 13 59 21 35 18 39 33 29 84 34 27 52 48 54 49 42 0 36 23 15 42 32 86 29 20 47 5 19 19 11 30 
41 41 42 39 34 29 59 54 97 87 36 45 44 55 54 29 8 32 58 83 55 73 36 46 2 45 19 58 68 41 49 47 57 71 34 75 69 59 64 58 25 32 84 18 43 78 36 0 21 45 78 28 66 7 16 19 31 41 17 33 62 
38 20 39 36 31 12 38 33 76 66 15 42 23 34 51 32 17 35 55 62 52 52 15 35 19 24 14 49 47 20 36 36 36 50 37 54 48 38 61 37 8 29 63 39 30 57 23 21 0 24 57 13 63 18 9 32 18 20 8 28 41 
54 28 55 52 47 24 22 9 52 42 9 58 17 18 67 22 37 27 71 38 68 44 17 47 43 32 26 65 23 12 20 52 12 26 25 30 24 22 77 27 20 45 39 63 42 33 15 45 24 0 33 25 79 38 29 56 14 12 28 18 21 
71 37 64 61 56 49 27 24 27 39 42 67 34 23 76 49 70 54 80 19 77 53 42 56 76 41 59 74 10 37 29 61 21 7 52 11 17 27 86 36 53 70 14 96 51 16 42 78 57 33 0 50 88 71 62 89 47 37 61 45 24 
29 13 30 27 22 1 31 26 69 59 16 33 16 27 42 41 26 44 46 55 43 45 8 26 26 17 23 40 40 13 45 27 29 43 46 47 41 31 52 30 9 20 56 46 23 50 32 28 13 25 50 0 54 27 18 39 27 13 17 37 34 
31 51 24 27 32 55 61 80 67 49 70 21 62 65 12 95 74 98 14 69 11 35 62 32 68 47 77 14 86 67 99 27 83 81 100 77 71 61 2 52 59 38 78 62 37 72 86 66 63 79 88 54 0 73 66 53 81 67 67 91 64 
48 34 49 46 41 26 52 47 90 80 29 52 37 48 61 22 1 25 65 76 62 66 29 45 5 38 12 59 61 34 42 46 50 64 27 68 62 52 71 51 22 39 77 25 42 71 29 7 18 38 71 27 73 0 15 26 24 34 14 26 55 
41 25 42 39 34 17 43 38 81 71 20 45 28 39 54 29 14 32 58 67 55 57 20 38 14 29 11 52 52 25 33 39 41 55 34 59 53 43 64 42 13 32 68 34 35 62 20 16 9 29 62 18 66 15 0 27 15 25 1 25 46 
22 52 41 36 33 40 70 65 108 98 47 46 55 66 53 48 27 51 45 94 52 84 47 57 21 56 30 63 79 52 60 52 68 82 53 86 80 70 55 69 36 23 95 13 54 89 47 19 32 56 89 39 53 26 27 0 42 52 28 44 73 
56 30 57 54 49 26 28 23 66 56 15 60 23 24 69 14 23 17 73 52 70 50 19 49 29 34 12 67 37 18 18 54 26 40 19 44 38 28 79 33 22 47 53 49 44 47 5 31 18 14 47 27 81 24 15 42 0 18 14 10 31 
42 16 43 40 35 12 18 13 56 46 9 46 9 14 55 28 33 31 59 42 56 38 5 35 39 20 22 53 27 0 32 40 16 30 33 34 28 18 65 23 16 33 43 59 30 37 19 41 20 12 37 13 67 34 25 52 18 0 24 24 21 
42 24 43 40 35 16 42 37 80 70 19 46 27 38 55 28 13 31 59 66 56 56 19 39 15 28 10 53 51 24 32 40 40 54 33 58 52 42 65 41 12 33 67 35 34 61 19 17 8 28 61 17 67 14 1 28 14 24 0 24 45 
66 40 67 64 59 36 34 21 64 54 21 70 29 30 79 10 25 15 83 50 80 56 29 59 31 44 14 77 35 24 16 64 24 38 13 42 36 34 89 39 32 57 51 51 54 45 11 33 28 18 45 37 91 26 25 44 10 24 24 0 33 
55 21 40 37 40 33 3 16 35 25 26 43 18 11 52 37 54 42 56 21 53 29 26 32 60 17 43 50 22 21 35 37 19 17 40 13 7 3 62 12 37 54 22 80 27 16 30 62 41 21 24 34 64 55 46 73 31 21 45 33 0 
