60
0 22 20 15 12 21 37 37 66 62 33 25 25 33 32 55 40 58 23 55 31 54 25 30 37 26 40 39 40 30 53 28 40 43 60 47 44 37 33 39 25 9 53 31 27 50 46 35 29 39 47 20 31 39 32 22 44 30 33 51 40 
22 0 28 25 10 19 15 23 44 40 19 31 11 11 40 41 40 44 37 33 41 32 15 26 43 14 32 41 26 16 39 28 26 21 46 25 22 15 47 17 23 31 31 53 21 28 32 45 27 25 25 20 45 41 32 44 30 16 31 37 18 
20 28 0 19 24 37 25 41 46 42 37 21 29 29 28 59 58 62 19 35 27 34 33 26 57 24 50 35 44 34 57 24 44 39 64 35 32 25 29 19 41 29 33 51 7 30 50 55 45 43 43 38 27 59 50 42 48 34 49 55 28 
15 25 19 0 19 34 22 38 51 47 34 24 26 26 31 56 55 59 22 40 30 39 30 29 52 11 47 38 41 31 54 27 41 36 61 32 29 22 32 24 38 24 38 46 26 35 47 50 42 40 40 35 30 54 47 37 45 31 46 52 25 
12 10 24 19 0 29 25 33 54 50 29 29 21 21 36 51 50 54 27 43 35 42 25 34 49 24 42 43 36 26 49 32 36 31 56 35 32 25 37 27 33 21 41 43 31 38 42 47 37 35 35 30 35 51 42 34 40 26 41 47 28 
21 19 37 34 29 0 24 16 53 49 12 40 12 20 49 34 33 37 44 42 50 41 4 35 36 23 25 50 27 9 32 37 19 30 39 34 31 24 54 26 16 12 40 44 30 37 25 38 20 18 34 1 52 34 25 35 23 9 24 30 27 
37 15 25 22 25 24 0 28 37 37 24 28 16 16 37 46 45 49 38 30 38 29 20 23 48 11 37 38 31 21 44 25 31 26 51 10 7 0 44 14 28 36 26 62 18 25 37 50 32 30 24 25 46 46 37 55 35 21 36 42 3 
37 23 41 38 33 16 28 0 45 53 16 44 16 24 53 38 37 41 54 40 54 45 12 39 40 27 29 54 23 7 34 41 3 28 43 32 35 28 60 30 20 28 34 54 34 37 29 42 24 22 24 17 62 38 29 47 27 7 28 34 31 
66 44 46 51 54 53 37 45 0 20 53 41 45 41 34 67 74 72 43 19 35 26 49 36 77 40 66 35 34 50 53 38 42 31 70 27 30 37 41 35 57 65 21 91 39 24 60 79 61 51 27 54 43 75 66 84 62 50 65 63 34 
62 40 42 47 50 49 37 53 20 0 49 37 41 41 30 71 70 74 39 31 31 8 45 32 73 36 62 23 46 46 65 34 54 43 76 39 42 37 29 31 53 61 33 87 35 36 62 75 57 55 39 50 31 71 62 80 60 46 61 67 40 
33 19 37 34 29 12 24 16 53 49 0 40 12 20 49 26 25 29 50 42 50 41 8 35 28 23 17 50 27 9 24 37 19 30 31 34 31 24 56 26 8 24 40 42 30 37 17 30 12 6 34 13 58 26 17 35 15 9 16 22 27 
25 31 21 24 29 40 28 44 41 37 40 0 32 32 25 62 61 65 16 30 24 29 36 5 62 27 53 32 47 37 60 3 47 42 67 38 35 28 26 22 44 34 36 56 26 33 53 60 48 46 46 41 24 62 53 47 51 37 52 58 31 
25 11 29 26 21 12 16 16 45 41 12 32 0 12 41 34 33 37 42 34 42 33 8 27 36 15 25 42 15 9 32 29 19 22 39 26 23 16 48 18 16 24 32 50 22 29 25 38 20 18 26 13 50 34 25 43 23 9 24 30 19 
33 11 29 26 21 20 16 24 41 41 20 32 12 0 41 42 41 45 42 34 42 33 16 27 44 15 33 42 27 17 40 29 27 10 47 26 23 16 48 18 24 32 30 58 22 29 33 46 28 26 14 21 50 42 33 51 31 17 32 38 19 
32 40 28 31 36 49 37 53 34 30 49 25 41 41 0 71 70 74 15 39 1 22 45 30 69 36 62 23 56 46 69 28 56 51 76 47 44 37 17 31 53 41 45 63 35 42 62 67 57 55 55 50 15 71 62 54 60 46 61 67 40 
55 41 59 56 51 34 46 38 67 71 26 62 34 42 71 0 15 19 72 62 72 63 30 57 18 45 15 72 45 31 30 59 41 50 21 54 53 46 78 48 30 46 56 32 52 59 23 20 26 32 46 35 80 16 23 33 21 31 22 20 49 
40 40 58 55 50 33 45 37 74 70 25 61 33 41 70 15 0 18 63 63 71 62 29 56 3 44 14 71 48 30 29 58 40 51 20 55 52 45 73 47 29 41 61 23 51 58 22 5 25 31 55 34 71 1 22 22 20 30 21 19 48 
58 44 62 59 54 37 49 41 72 74 29 65 37 45 74 19 18 0 75 67 75 66 33 60 21 48 18 75 50 34 33 62 44 55 2 59 56 49 81 51 33 49 61 27 55 62 26 23 29 35 51 38 83 19 26 36 24 34 25 23 52 
23 37 19 22 27 44 38 54 43 39 50 16 42 42 15 72 63 75 0 40 14 31 46 21 60 33 63 22 57 47 70 19 57 52 77 48 45 38 16 32 48 32 46 54 26 43 63 58 52 56 56 43 14 62 55 45 61 47 56 68 41 
55 33 35 40 43 42 30 40 19 31 42 30 34 34 39 62 63 67 40 0 40 31 38 25 66 29 55 40 29 39 48 27 37 26 65 22 25 30 46 24 46 54 16 80 28 19 55 68 50 46 22 43 48 64 55 73 53 39 54 58 29 
31 41 27 30 35 50 38 54 35 31 50 24 42 42 1 72 71 75 14 40 0 23 46 29 68 37 63 22 57 47 70 27 57 52 77 48 45 38 16 32 54 40 46 62 34 43 63 66 58 56 56 51 14 70 63 53 61 47 62 68 41 
54 32 34 39 42 41 29 45 26 8 41 29 33 33 22 63 62 66 31 31 23 0 37 24 65 28 54 15 48 38 61 26 48 43 68 39 36 29 21 23 45 53 37 79 27 34 54 67 49 47 47 42 23 63 54 72 52 38 53 59 32 
25 15 33 30 25 4 20 12 49 45 8 36 8 16 45 30 29 33 46 38 46 37 0 31 32 19 21 46 23 5 28 33 15 26 35 30 27 20 52 22 12 16 36 46 26 33 21 34 16 14 30 5 54 30 21 39 19 5 20 26 23 
30 26 26 29 34 35 23 39 36 32 35 5 27 27 30 57 56 60 21 25 29 24 31 0 59 22 48 33 42 32 55 2 42 37 62 33 30 23 31 17 39 39 31 61 21 28 48 61 43 41 41 36 29 57 48 52 46 32 47 53 26 
37 43 57 52 49 36 48 40 77 73 28 62 36 44 69 18 3 21 60 66 68 65 32 59 0 47 17 74 51 33 32 61 43 54 23 58 55 48 70 50 32 38 64 20 54 61 25 2 28 34 58 37 68 2 25 19 23 33 24 22 51 
26 14 24 11 24 23 11 27 40 36 23 27 15 15 36 45 44 48 33 29 37 28 19 22 47 0 36 37 30 20 43 24 30 25 50 21 18 11 43 13 27 35 27 57 17 24 36 49 31 29 29 24 41 45 36 48 34 20 35 41 14 
40 32 50 47 42 25 37 29 66 62 17 53 25 33 62 15 14 18 63 55 63 54 21 48 17 36 0 63 40 22 21 50 32 43 20 47 44 37 69 39 21 37 53 31 43 50 14 19 17 23 47 26 71 15 14 18 12 22 13 11 40 
39 41 35 38 43 50 38 54 35 23 50 32 42 42 23 72 71 75 22 40 22 15 46 33 74 37 63 0 57 47 70 35 57 52 77 48 45 38 6 32 54 48 46 70 36 43 63 74 58 56 56 51 8 72 63 61 61 47 62 68 41 
40 26 44 41 36 27 31 23 34 46 27 47 15 27 56 45 48 50 57 29 57 48 23 42 51 30 40 57 0 24 31 44 20 17 48 21 24 31 63 33 31 39 23 65 37 26 38 53 35 29 13 28 65 49 40 58 38 24 39 41 28 
30 16 34 31 26 9 21 7 50 46 9 37 9 17 46 31 30 34 47 39 47 38 5 32 33 20 22 47 24 0 29 34 10 27 36 31 28 21 53 23 13 21 37 47 27 34 22 35 17 15 31 10 55 31 22 40 20 0 21 27 24 
53 39 57 54 49 32 44 34 53 65 24 60 32 40 69 30 29 33 70 48 70 61 28 55 32 43 21 70 31 29 0 57 31 36 35 40 43 44 76 46 28 44 42 46 50 45 7 34 24 30 32 33 78 30 21 39 9 29 20 26 47 
28 28 24 27 32 37 25 41 38 34 37 3 29 29 28 59 58 62 19 27 27 26 33 2 61 24 50 35 44 34 57 0 44 39 64 35 32 25 29 19 41 37 33 59 23 30 50 63 45 43 43 38 27 59 50 50 48 34 49 55 28 
40 26 44 41 36 19 31 3 42 54 19 47 19 27 56 41 40 44 57 37 57 48 15 42 43 30 32 57 20 10 31 44 0 25 46 29 32 31 63 33 23 31 31 57 37 34 32 45 27 25 21 20 65 41 32 50 30 10 31 37 34 
43 21 39 36 31 30 26 28 31 43 30 42 22 10 51 50 51 55 52 26 52 43 26 37 54 25 43 52 17 27 36 39 25 0 53 18 21 26 58 28 34 42 20 68 32 23 43 56 38 34 4 31 60 52 43 61 41 27 42 46 25 
60 46 64 61 56 39 51 43 70 76 31 67 39 47 76 21 20 2 77 65 77 68 35 62 23 50 20 77 48 36 35 64 46 53 0 57 58 51 83 53 35 51 59 29 57 62 28 25 31 37 49 40 85 21 28 38 26 36 27 25 54 
47 25 35 32 35 34 10 32 27 39 34 38 26 26 47 54 55 59 48 22 48 39 30 33 58 21 47 48 21 31 40 35 29 18 57 0 3 10 54 24 38 46 16 72 28 19 47 60 42 38 14 35 56 56 47 65 45 31 46 50 7 
44 22 32 29 32 31 7 35 30 42 31 35 23 23 44 53 52 56 45 25 45 36 27 30 55 18 44 45 24 28 43 32 32 21 58 3 0 7 51 21 35 43 19 69 25 22 44 57 39 37 17 32 53 53 44 62 42 28 43 49 4 
37 15 25 22 25 24 0 28 37 37 24 28 16 16 37 46 45 49 38 30 38 29 20 23 48 11 37 38 31 21 44 25 31 26 51 10 7 0 44 14 28 36 26 62 18 25 37 50 32 30 24 25 46 46 37 55 35 21 36 42 3 
33 47 29 32 37 54 44 60 41 29 56 26 48 48 17 78 73 81 16 46 16 21 52 31 70 43 69 6 63 53 76 29 63 58 83 54 51 44 0 38 58 42 52 64 36 49 69 68 62 62 62 53 2 72 65 55 67 53 66 74 47 
39 17 19 24 27 26 14 30 35 31 26 22 18 18 31 48 47 51 32 24 32 23 22 17 50 13 39 32 33 23 46 19 33 28 53 24 21 14 38 0 30 38 14 64 12 11 39 52 34 32 30 27 40 48 39 57 37 23 38 44 17 
25 23 41 38 33 16 28 20 57 53 8 44 16 24 53 30 29 33 48 46 54 45 12 39 32 27 21 54 31 13 28 41 23 34 35 38 35 28 58 30 0 26 44 40 34 41 21 34 16 14 38 17 56 30 21 31 19 13 20 26 31 
9 31 29 24 21 12 36 28 65 61 24 34 24 32 41 46 41 49 32 54 40 53 16 39 38 35 37 48 39 21 44 37 31 42 51 46 43 36 42 38 26 0 52 32 36 49 37 36 30 30 46 11 40 40 33 23 35 21 34 42 39 
53 31 33 38 41 40 26 34 21 33 40 36 32 30 45 56 61 61 46 16 46 37 36 31 64 27 53 46 23 37 42 33 31 20 59 16 19 26 52 14 44 52 0 78 26 3 49 66 48 40 16 41 54 62 53 71 51 37 52 52 23 
31 53 51 46 43 44 62 54 91 87 42 56 50 58 63 32 23 27 54 80 62 79 46 61 20 57 31 70 65 47 46 59 57 68 29 72 69 62 64 64 40 32 78 0 58 75 39 18 36 48 72 43 62 22 31 13 37 47 32 36 65 
27 21 7 26 31 30 18 34 39 35 30 26 22 22 35 52 51 55 26 28 34 27 26 21 54 17 43 36 37 27 50 23 37 32 57 28 25 18 36 12 34 36 26 58 0 23 43 56 38 36 36 31 34 52 43 49 41 27 42 48 21 
50 28 30 35 38 37 25 37 24 36 37 33 29 29 42 59 58 62 43 19 43 34 33 28 61 24 50 43 26 34 45 30 34 23 62 19 22 25 49 11 41 49 3 75 23 0 50 63 45 43 19 38 51 59 50 68 48 34 49 55 26 
46 32 50 47 42 25 37 29 60 62 17 53 25 33 62 23 22 26 63 55 63 54 21 48 25 36 14 63 38 22 7 50 32 43 28 47 44 37 69 39 21 37 49 39 43 50 0 27 17 23 39 26 71 23 14 32 2 22 13 19 40 
35 45 55 50 47 38 50 42 79 75 30 60 38 46 67 20 5 23 58 68 66 67 34 61 2 49 19 74 53 35 34 63 45 56 25 60 57 50 68 52 34 36 66 18 56 63 27 0 30 36 60 39 66 4 27 17 25 35 26 24 53 
29 27 45 42 37 20 32 24 61 57 12 48 20 28 57 26 25 29 52 50 58 49 16 43 28 31 17 58 35 17 24 45 27 38 31 42 39 32 62 34 16 30 48 36 38 45 17 30 0 18 42 21 60 26 17 27 15 17 16 22 35 
39 25 43 40 35 18 30 22 51 55 6 46 18 26 55 32 31 35 56 46 56 47 14 41 34 29 23 56 29 15 30 43 25 34 37 38 37 30 62 32 14 30 40 48 36 43 23 36 18 0 30 19 64 32 23 41 21 15 22 28 33 
47 25 43 40 35 34 24 24 27 39 34 46 26 14 55 46 55 51 56 22 56 47 30 41 58 29 47 56 13 31 32 43 21 4 49 14 17 24 62 30 38 46 16 72 36 19 39 60 42 30 0 35 64 56 47 65 41 31 46 42 21 
20 20 38 35 30 1 25 17 54 50 13 41 13 21 50 35 34 38 43 43 51 42 5 36 37 24 26 51 28 10 33 38 20 31 40 35 32 25 53 27 17 11 41 43 31 38 26 39 21 19 35 0 51 35 26 34 24 10 25 31 28 
31 45 27 30 35 52 46 62 43 31 58 24 50 50 15 80 71 83 14 48 14 23 54 29 68 41 71 8 65 55 78 27 65 60 85 56 53 46 2 40 56 40 54 62 34 51 71 66 60 64 64 51 0 70 63 53 69 55 64 76 49 
39 41 59 54 51 34 46 38 75 71 26 62 34 42 71 16 1 19 62 64 70 63 30 57 2 45 15 72 49 31 30 59 41 52 21 56 53 46 72 48 30 40 62 22 52 59 23 4 26 32 56 35 70 0 23 21 21 31 22 20 49 
32 32 50 47 42 25 37 29 66 62 17 53 25 33 62 23 22 26 55 55 63 54 21 48 25 36 14 63 40 22 21 50 32 43 28 47 44 37 65 39 21 33 53 31 43 50 14 27 17 23 47 26 63 23 0 22 12 22 1 19 40 
22 44 42 37 34 35 55 47 84 80 35 47 43 51 54 33 22 36 45 73 53 72 39 52 19 48 18 61 58 40 39 50 50 61 38 65 62 55 55 57 31 23 71 13 49 68 32 17 27 41 65 34 53 21 22 0 30 40 23 29 58 
44 30 48 45 40 23 35 27 62 60 15 51 23 31 60 21 20 24 61 53 61 52 19 46 23 34 12 61 38 20 9 48 30 41 26 45 42 35 67 37 19 35 51 37 41 48 2 25 15 21 41 24 69 21 12 30 0 20 11 17 38 
30 16 34 31 26 9 21 7 50 46 9 37 9 17 46 31 30 34 47 39 47 38 5 32 33 20 22 47 24 0 29 34 10 27 36 31 28 21 53 23 13 21 37 47 27 34 22 35 17 15 31 10 55 31 22 40 20 0 21 27 24 
33 31 49 46 41 24 36 28 65 61 16 52 24 32 61 22 21 25 56 54 62 53 20 47 24 35 13 62 39 21 20 49 31 42 27 46 43 36 66 38 20 34 52 32 42 49 13 26 16 22 46 25 64 22 1 23 11 21 0 18 39 
51 37 55 52 47 30 42 34 63 67 22 58 30 38 67 20 19 23 68 58 68 59 26 53 22 41 11 68 41 27 26 55 37 46 25 50 49 42 74 44 26 42 52 36 48 55 19 24 22 28 42 31 76 20 19 29 17 27 18 0 45 
40 18 28 25 28 27 3 31 34 40 27 31 19 19 40 49 48 52 41 29 41 32 23 26 51 14 40 41 28 24 47 28 34 25 54 7 4 3 47 17 31 39 23 65 21 26 40 53 35 33 21 28 49 49 40 58 38 24 39 45 0 
