60
0 58 44 56 60 71 49 69 24 17 74 36 62 57 24 105 103 109 36 36 32 18 66 39 103 50 98 23 60 74 84 56 52 53 24 46 79 72 44 108 47 44 89 99 83 77 71 20 91 44 68 20 93 49 92 87 117 12 128 36 72 
58 0 22 10 2 19 15 19 38 47 24 30 12 1 42 55 51 59 30 26 34 48 16 27 51 16 48 43 10 24 34 2 10 11 42 20 27 18 18 54 19 18 39 47 31 27 19 46 39 98 10 50 35 99 142 143 175 54 178 86 122 
44 22 0 16 20 33 15 35 24 31 38 12 26 23 24 71 65 75 12 12 16 30 30 9 65 14 62 25 28 38 52 24 20 19 24 10 41 32 12 68 9 12 55 61 45 43 33 28 53 80 24 32 49 81 124 125 159 36 160 68 104 
56 10 16 0 8 21 11 23 36 43 26 24 14 11 36 59 53 63 24 24 28 42 18 21 53 10 50 37 16 26 40 12 4 3 36 14 29 20 16 56 13 16 43 49 33 31 21 40 41 92 12 44 37 93 136 137 171 48 172 80 116 
60 2 20 8 0 17 15 19 40 47 22 28 10 3 40 55 49 59 28 28 32 46 14 25 49 14 46 41 12 22 36 4 12 11 40 18 25 16 20 52 17 20 39 45 29 27 17 44 37 96 8 48 33 97 140 141 175 52 176 84 120 
71 19 33 21 17 0 28 2 51 60 11 41 15 20 53 44 38 48 41 39 45 59 11 38 38 27 35 54 15 11 23 19 23 24 53 31 14 1 31 41 30 31 28 34 18 16 0 57 26 109 13 61 22 110 153 154 188 65 189 97 133 
49 15 15 11 15 28 0 26 29 38 31 23 19 14 35 62 60 66 23 17 27 39 23 20 60 1 55 36 17 31 41 13 9 10 35 11 36 27 9 63 12 9 46 56 40 34 28 39 48 91 19 43 44 92 135 136 166 47 171 79 115 
69 19 35 23 19 2 26 0 49 58 11 43 15 18 55 42 40 46 43 37 47 59 11 40 40 27 35 56 13 11 21 17 21 22 55 31 16 3 29 43 32 29 26 36 20 14 2 59 28 111 15 63 24 112 155 156 186 67 191 99 135 
24 38 24 36 40 51 29 49 0 13 54 16 42 37 12 85 83 89 16 16 12 14 46 19 83 30 78 11 40 54 64 36 32 33 12 26 59 52 24 88 27 24 69 79 63 57 51 16 71 68 44 20 69 69 112 111 141 24 148 56 92 
17 47 31 43 47 60 38 58 13 0 63 23 51 46 11 94 92 98 23 25 19 1 55 28 92 39 87 12 49 63 73 45 41 42 11 35 68 59 33 95 36 33 78 88 72 66 60 3 80 59 51 11 76 60 103 104 134 15 139 47 83 
74 24 38 26 22 11 31 11 54 63 0 46 20 23 58 39 35 43 46 42 50 64 16 43 35 32 32 59 18 0 18 22 26 27 58 36 11 10 34 38 35 34 23 31 15 11 11 62 23 114 18 66 19 115 158 159 191 70 194 102 138 
36 30 12 24 28 41 23 43 16 23 46 0 34 31 16 79 73 83 0 12 8 22 38 9 73 22 70 17 36 46 60 32 28 27 16 18 49 40 20 76 17 20 63 69 53 51 41 20 61 72 32 24 57 73 116 117 151 28 152 60 96 
62 12 26 14 10 15 19 15 42 51 20 34 0 11 46 51 47 55 34 30 38 52 12 31 47 20 44 47 2 20 30 10 14 15 46 24 23 14 22 50 23 22 35 43 27 23 15 50 35 102 6 54 31 103 146 147 179 58 182 90 126 
57 1 23 11 3 20 14 18 37 46 23 31 11 0 43 54 52 58 31 25 35 47 15 28 52 15 47 44 9 23 33 1 9 10 43 19 28 19 17 55 20 17 38 48 32 26 20 47 40 99 11 51 36 100 143 144 174 55 179 87 123 
24 42 24 36 40 53 35 55 12 11 58 16 46 43 0 91 85 95 16 24 12 10 50 21 85 34 82 1 48 58 72 44 40 39 0 30 61 52 32 88 29 32 75 81 65 63 53 8 73 60 44 12 69 61 104 105 139 16 140 48 84 
105 55 71 59 55 44 62 42 85 94 39 79 51 54 91 0 12 10 79 73 83 95 47 76 12 63 15 92 49 39 25 53 57 58 91 67 36 43 65 3 68 65 22 16 32 34 44 95 24 147 51 99 28 148 191 192 222 103 227 135 171 
103 51 65 53 49 38 60 40 83 92 35 73 47 52 85 12 0 16 73 71 77 91 43 70 0 59 11 86 47 35 23 51 55 56 85 63 30 37 63 9 62 63 20 10 26 32 38 89 18 141 45 93 22 142 185 186 220 97 221 129 165 
109 59 75 63 59 48 66 46 89 98 43 83 55 58 95 10 16 0 83 77 87 99 51 80 16 67 19 96 53 43 29 57 61 62 95 71 40 47 69 11 72 69 26 20 36 38 48 99 28 151 55 103 32 152 195 196 226 107 231 139 175 
36 30 12 24 28 41 23 43 16 23 46 0 34 31 16 79 73 83 0 12 8 22 38 9 73 22 70 17 36 46 60 32 28 27 16 18 49 40 20 76 17 20 63 69 53 51 41 20 61 72 32 24 57 73 116 117 151 28 152 60 96 
36 26 12 24 28 39 17 37 16 25 42 12 30 25 24 73 71 77 12 0 16 26 34 3 71 18 66 23 28 42 52 24 20 21 24 14 47 40 12 76 15 12 57 67 51 45 39 28 59 80 32 32 57 81 124 123 153 36 160 68 104 
32 34 16 28 32 45 27 47 12 19 50 8 38 35 12 83 77 87 8 16 0 18 42 13 77 26 74 13 40 50 64 36 32 31 12 22 53 44 24 80 21 24 67 73 57 55 45 16 65 68 36 20 61 69 112 113 147 24 148 56 92 
18 48 30 42 46 59 39 59 14 1 64 22 52 47 10 95 91 99 22 26 18 0 56 27 91 40 88 11 50 64 74 46 42 43 10 36 67 58 34 94 35 34 79 87 71 67 59 2 79 58 50 10 75 59 102 103 135 14 138 46 82 
66 16 30 18 14 11 23 11 46 55 16 38 12 15 50 47 43 51 38 34 42 56 0 35 43 24 40 51 10 16 26 14 18 19 50 28 19 10 26 46 27 26 31 39 23 19 11 54 31 106 10 58 27 107 150 151 183 62 186 94 130 
39 27 9 21 25 38 20 40 19 28 43 9 31 28 21 76 70 80 9 3 13 27 35 0 70 19 67 22 31 43 55 27 23 24 21 15 46 37 15 73 14 15 60 66 50 48 38 25 58 77 29 29 54 78 121 122 156 33 157 65 101 
103 51 65 53 49 38 60 40 83 92 35 73 47 52 85 12 0 16 73 71 77 91 43 70 0 59 11 86 47 35 23 51 55 56 85 63 30 37 63 9 62 63 20 10 26 32 38 89 18 141 45 93 22 142 185 186 220 97 221 129 165 
50 16 14 10 14 27 1 27 30 39 32 22 20 15 34 63 59 67 22 18 26 40 24 19 59 0 56 35 18 32 42 14 10 11 34 12 35 26 10 62 11 10 47 55 39 35 27 38 47 90 18 42 43 91 134 135 167 46 170 78 114 
98 48 62 50 46 35 55 35 78 87 32 70 44 47 82 15 11 19 70 66 74 88 40 67 11 56 0 83 42 32 18 46 50 51 82 60 27 34 58 14 59 58 15 1 23 27 35 86 15 138 42 90 19 139 182 183 215 94 218 126 162 
23 43 25 37 41 54 36 56 11 12 59 17 47 44 1 92 86 96 17 23 13 11 51 22 86 35 83 0 47 59 71 43 39 40 1 31 62 53 31 89 30 31 76 82 66 64 54 9 74 61 45 13 70 62 105 106 140 17 141 49 85 
60 10 28 16 12 15 17 13 40 49 18 36 2 9 48 49 47 53 36 28 40 50 10 31 47 18 42 47 0 18 28 8 12 13 48 22 23 16 20 52 23 20 33 43 27 21 15 52 35 104 8 56 33 105 148 147 177 60 184 92 128 
74 24 38 26 22 11 31 11 54 63 0 46 20 23 58 39 35 43 46 42 50 64 16 43 35 32 32 59 18 0 18 22 26 27 58 36 11 10 34 38 35 34 23 31 15 11 11 62 23 114 18 66 19 115 158 159 191 70 194 102 138 
84 34 52 40 36 23 41 21 64 73 18 60 30 33 72 25 23 29 60 52 64 74 26 55 23 42 18 71 28 18 0 32 36 37 72 46 15 24 44 28 47 44 9 19 11 13 23 76 11 128 32 80 9 129 172 171 201 84 208 116 152 
56 2 24 12 4 19 13 17 36 45 22 32 10 1 44 53 51 57 32 24 36 46 14 27 51 14 46 43 8 22 32 0 8 9 44 18 27 20 16 56 19 16 37 47 31 25 19 48 39 100 12 52 37 101 144 143 173 56 180 88 124 
52 10 20 4 12 23 9 21 32 41 26 28 14 9 40 57 55 61 28 20 32 42 18 23 55 10 50 39 12 26 36 8 0 1 40 14 31 24 12 60 15 12 41 51 35 29 23 44 43 96 16 48 41 97 140 139 169 52 176 84 120 
53 11 19 3 11 24 10 22 33 42 27 27 15 10 39 58 56 62 27 21 31 43 19 24 56 11 51 40 13 27 37 9 1 0 39 15 32 23 13 59 16 13 42 52 36 30 24 43 44 95 15 47 40 96 139 140 170 51 175 83 119 
24 42 24 36 40 53 35 55 12 11 58 16 46 43 0 91 85 95 16 24 12 10 50 21 85 34 82 1 48 58 72 44 40 39 0 30 61 52 32 88 29 32 75 81 65 63 53 8 73 60 44 12 69 61 104 105 139 16 140 48 84 
46 20 10 14 18 31 11 31 26 35 36 18 24 19 30 67 63 71 18 14 22 36 28 15 63 12 60 31 22 36 46 18 14 15 30 0 39 30 2 66 1 2 51 59 43 39 31 34 51 86 22 38 47 87 130 131 163 42 166 74 110 
79 27 41 29 25 14 36 16 59 68 11 49 23 28 61 36 30 40 49 47 53 67 19 46 30 35 27 62 23 11 15 27 31 32 61 39 0 13 39 33 38 39 20 26 10 2 14 65 18 117 21 69 14 118 161 162 196 73 197 105 141 
72 18 32 20 16 1 27 3 52 59 10 40 14 19 52 43 37 47 40 40 44 58 10 37 37 26 34 53 16 10 24 20 24 23 52 30 13 0 32 40 29 32 27 33 17 15 1 56 25 108 12 60 21 109 152 153 187 64 188 96 132 
44 18 12 16 20 31 9 29 24 33 34 20 22 17 32 65 63 69 20 12 24 34 26 15 63 10 58 31 20 34 44 16 12 13 32 2 39 32 0 68 3 0 49 59 43 37 31 36 51 88 24 40 49 89 132 131 161 44 168 76 112 
108 54 68 56 52 41 63 43 88 95 38 76 50 55 88 3 9 11 76 76 80 94 46 73 9 62 14 89 52 38 28 56 60 59 88 66 33 40 68 0 65 68 23 13 29 35 41 92 21 144 48 96 25 145 188 189 223 100 224 132 168 
47 19 9 13 17 30 12 32 27 36 35 17 23 20 29 68 62 72 17 15 21 35 27 14 62 11 59 30 23 35 47 19 15 16 29 1 38 29 3 65 0 3 52 58 42 40 30 33 50 85 21 37 46 86 129 130 164 41 165 73 109 
44 18 12 16 20 31 9 29 24 33 34 20 22 17 32 65 63 69 20 12 24 34 26 15 63 10 58 31 20 34 44 16 12 13 32 2 39 32 0 68 3 0 49 59 43 37 31 36 51 88 24 40 49 89 132 131 161 44 168 76 112 
89 39 55 43 39 28 46 26 69 78 23 63 35 38 75 22 20 26 63 57 67 79 31 60 20 47 15 76 33 23 9 37 41 42 75 51 20 27 49 23 52 49 0 16 16 18 28 79 2 131 35 83 12 132 175 176 206 87 211 119 155 
99 47 61 49 45 34 56 36 79 88 31 69 43 48 81 16 10 20 69 67 73 87 39 66 10 55 1 82 43 31 19 47 51 52 81 59 26 33 59 13 58 59 16 0 22 28 34 85 14 137 41 89 18 138 181 182 216 93 217 125 161 
83 31 45 33 29 18 40 20 63 72 15 53 27 32 65 32 26 36 53 51 57 71 23 50 26 39 23 66 27 15 11 31 35 36 65 43 10 17 43 29 42 43 16 22 0 12 18 69 14 121 25 73 10 122 165 166 200 77 201 109 145 
77 27 43 31 27 16 34 14 57 66 11 51 23 26 63 34 32 38 51 45 55 67 19 48 32 35 27 64 21 11 13 25 29 30 63 39 2 15 37 35 40 37 18 28 12 0 16 67 20 119 23 71 16 120 163 164 194 75 199 107 143 
71 19 33 21 17 0 28 2 51 60 11 41 15 20 53 44 38 48 41 39 45 59 11 38 38 27 35 54 15 11 23 19 23 24 53 31 14 1 31 41 30 31 28 34 18 16 0 57 26 109 13 61 22 110 153 154 188 65 189 97 133 
20 46 28 40 44 57 39 59 16 3 62 20 50 47 8 95 89 99 20 28 16 2 54 25 89 38 86 9 52 62 76 48 44 43 8 34 65 56 36 92 33 36 79 85 69 67 57 0 77 56 48 8 73 57 100 101 135 12 136 44 80 
91 39 53 41 37 26 48 28 71 80 23 61 35 40 73 24 18 28 61 59 65 79 31 58 18 47 15 74 35 23 11 39 43 44 73 51 18 25 51 21 50 51 2 14 14 20 26 77 0 129 33 81 10 130 173 174 208 85 209 117 153 
44 98 80 92 96 109 91 111 68 59 114 72 102 99 60 147 141 151 72 80 68 58 106 77 141 90 138 61 104 114 128 100 96 95 60 86 117 108 88 144 85 88 131 137 121 119 109 56 129 0 100 52 125 5 48 49 83 48 84 16 28 
68 10 24 12 8 13 19 15 44 51 18 32 6 11 44 51 45 55 32 32 36 50 10 29 45 18 42 45 8 18 32 12 16 15 44 22 21 12 24 48 21 24 35 41 25 23 13 48 33 100 0 52 29 101 144 145 179 56 180 88 124 
20 50 32 44 48 61 43 63 20 11 66 24 54 51 12 99 93 103 24 32 20 10 58 29 93 42 90 13 56 66 80 52 48 47 12 38 69 60 40 96 37 40 83 89 73 71 61 8 81 52 52 0 77 53 96 97 131 8 132 40 76 
93 35 49 37 33 22 44 24 69 76 19 57 31 36 69 28 22 32 57 57 61 75 27 54 22 43 19 70 33 19 9 37 41 40 69 47 14 21 49 25 46 49 12 18 10 16 22 73 10 125 29 77 0 126 167 170 204 81 203 113 147 
49 99 81 93 97 110 92 112 69 60 115 73 103 100 61 148 142 152 73 81 69 59 107 78 142 91 139 62 105 115 129 101 97 96 61 87 118 109 89 145 86 89 132 138 122 120 110 57 130 5 101 53 126 0 47 50 84 49 83 17 27 
92 142 124 136 140 153 135 155 112 103 158 116 146 143 104 191 185 195 116 124 112 102 150 121 185 134 182 105 148 158 172 144 140 139 104 130 161 152 132 188 129 132 175 181 165 163 153 100 173 48 144 96 167 47 0 13 47 92 40 60 24 
87 143 125 137 141 154 136 156 111 104 159 117 147 144 105 192 186 196 117 123 113 103 151 122 186 135 183 106 147 159 171 143 139 140 105 131 162 153 131 189 130 131 176 182 166 164 154 101 174 49 145 97 170 50 13 0 40 93 41 61 33 
117 175 159 171 175 188 166 186 141 134 191 151 179 174 139 222 220 226 151 153 147 135 183 156 220 167 215 140 177 191 201 173 169 170 139 163 196 187 161 223 164 161 206 216 200 194 188 135 208 83 179 131 204 84 47 40 0 127 11 95 67 
12 54 36 48 52 65 47 67 24 15 70 28 58 55 16 103 97 107 28 36 24 14 62 33 97 46 94 17 60 70 84 56 52 51 16 42 73 64 44 100 41 44 87 93 77 75 65 12 85 48 56 8 81 49 92 93 127 0 128 36 72 
128 178 160 172 176 189 171 191 148 139 194 152 182 179 140 227 221 231 152 160 148 138 186 157 221 170 218 141 184 194 208 180 176 175 140 166 197 188 168 224 165 168 211 217 201 199 189 136 209 84 180 132 203 83 40 41 11 128 0 96 60 
36 86 68 80 84 97 79 99 56 47 102 60 90 87 48 135 129 139 60 68 56 46 94 65 129 78 126 49 92 102 116 88 84 83 48 74 105 96 76 132 73 76 119 125 109 107 97 44 117 16 88 40 113 17 60 61 95 36 96 0 40 
72 122 104 116 120 133 115 135 92 83 138 96 126 123 84 171 165 175 96 104 92 82 130 101 165 114 162 85 128 138 152 124 120 119 84 110 141 132 112 168 109 112 155 161 145 143 133 80 153 28 124 76 147 27 24 33 67 72 60 40 0 
