60
0 25 42 39 38 29 17 13 8 16 21 41 21 42 19 34 20 47 11 43 24 22 36 37 27 39 6 20 13 38 10 7 18 10 45 23 41 9 47 35 12 20 39 33 15 3 30 47 35 52 10 62 82 71 54 98 52 96 39 16 49 
25 0 17 14 13 4 8 12 29 21 4 16 4 17 18 9 17 22 26 18 13 3 11 12 10 14 19 5 24 13 15 18 19 15 20 14 16 28 22 10 25 17 14 8 10 22 5 22 10 27 35 37 57 46 29 73 27 71 14 29 24 
42 17 0 27 26 17 25 29 34 26 21 1 21 0 31 22 30 5 31 1 18 20 6 25 23 3 36 22 37 4 32 35 32 32 3 19 29 33 35 7 30 30 27 21 27 39 18 5 23 30 48 20 48 37 28 64 38 54 27 42 33 
39 14 27 0 1 10 22 26 39 31 18 26 18 27 28 19 27 30 36 28 23 17 21 22 20 24 33 19 34 23 29 32 29 29 30 24 2 38 30 20 35 27 24 18 24 36 9 30 20 25 45 23 43 32 23 59 33 57 24 39 28 
38 13 26 1 0 9 21 25 38 30 17 25 17 26 27 18 26 31 35 27 22 16 20 21 19 23 32 18 33 22 28 31 28 28 29 23 3 37 31 19 34 26 23 17 23 35 8 31 19 26 44 24 44 33 24 60 34 58 23 38 29 
29 4 17 10 9 0 12 16 29 21 8 16 8 17 18 9 17 22 26 18 13 7 11 12 10 14 23 9 24 13 19 22 19 19 20 14 12 28 22 10 25 17 14 8 14 26 1 22 10 27 35 33 53 42 29 69 27 67 14 29 24 
17 8 25 22 21 12 0 4 25 29 4 24 4 25 26 17 25 30 28 26 21 5 19 20 18 22 11 3 30 21 7 10 27 7 28 22 24 26 30 18 29 25 22 16 2 14 13 30 18 35 27 45 65 54 37 81 35 79 22 33 32 
13 12 29 26 25 16 4 0 21 29 8 28 8 29 30 21 29 34 24 30 25 9 23 24 22 26 7 7 26 25 3 6 31 3 32 26 28 22 34 22 25 29 26 20 2 10 17 34 22 39 23 49 69 58 41 85 39 83 26 29 36 
8 29 34 39 38 29 25 21 0 8 29 33 29 34 27 34 28 39 3 35 16 30 28 37 35 31 14 28 21 30 18 15 26 18 37 15 41 1 47 27 4 28 39 33 23 11 30 39 35 52 18 54 82 71 54 98 52 88 39 24 49 
16 21 26 31 30 21 29 29 8 0 25 25 25 26 35 26 34 31 5 27 8 24 20 29 27 23 22 26 29 22 26 23 34 26 29 7 33 7 39 19 4 34 31 25 31 19 22 31 27 44 26 46 74 63 46 90 44 80 31 32 41 
21 4 21 18 17 8 4 8 29 25 0 20 0 21 22 13 21 26 30 22 17 1 15 16 14 18 15 1 28 17 11 14 23 11 24 18 20 30 26 14 29 21 18 12 6 18 9 26 14 31 31 41 61 50 33 77 31 75 18 33 28 
41 16 1 26 25 16 24 28 33 25 20 0 20 1 30 21 29 6 30 2 17 19 5 24 22 2 35 21 36 3 31 34 31 31 4 18 28 32 34 6 29 29 26 20 26 38 17 6 22 31 47 21 49 38 29 65 39 55 26 41 34 
21 4 21 18 17 8 4 8 29 25 0 20 0 21 22 13 21 26 30 22 17 1 15 16 14 18 15 1 28 17 11 14 23 11 24 18 20 30 26 14 29 21 18 12 6 18 9 26 14 31 31 41 61 50 33 77 31 75 18 33 28 
42 17 0 27 26 17 25 29 34 26 21 1 21 0 31 22 30 5 31 1 18 20 6 25 23 3 36 22 37 4 32 35 32 32 3 19 29 33 35 7 30 30 27 21 27 39 18 5 23 30 48 20 48 37 28 64 38 54 27 42 33 
19 18 31 28 27 18 26 30 27 35 22 30 22 31 0 15 1 36 30 32 27 21 25 18 8 28 25 23 6 27 29 26 1 29 34 28 30 28 28 24 31 1 20 14 28 22 19 36 16 33 21 51 63 60 35 79 33 85 20 27 30 
34 9 22 19 18 9 17 21 34 26 13 21 13 22 15 0 14 27 31 23 18 12 16 3 7 19 28 14 21 18 24 27 16 24 25 19 21 33 13 15 30 14 5 1 19 31 10 27 1 18 32 36 48 45 20 64 24 70 11 26 15 
20 17 30 27 26 17 25 29 28 34 21 29 21 30 1 14 0 35 31 31 26 20 24 17 7 27 26 22 7 26 30 27 2 30 33 27 29 29 27 23 32 0 19 13 27 23 18 35 15 32 22 50 62 59 34 78 32 84 19 28 29 
47 22 5 30 31 22 30 34 39 31 26 6 26 5 36 27 35 0 36 4 23 25 11 30 28 8 41 27 42 9 37 40 37 37 2 24 28 38 30 12 35 35 32 26 32 44 23 0 28 25 53 15 43 32 23 59 33 49 32 47 28 
11 26 31 36 35 26 28 24 3 5 30 30 30 31 30 31 31 36 0 32 13 29 25 34 32 28 17 31 24 27 21 18 29 21 34 12 38 2 44 24 1 31 36 30 26 14 27 36 32 49 21 51 79 68 51 95 49 85 36 27 46 
43 18 1 28 27 18 26 30 35 27 22 2 22 1 32 23 31 4 32 0 19 21 7 26 24 4 37 23 38 5 33 36 33 33 2 20 30 34 34 8 31 31 28 22 28 40 19 4 24 29 49 19 47 36 27 63 37 53 28 43 32 
24 13 18 23 22 13 21 25 16 8 17 17 17 18 27 18 26 23 13 19 0 16 12 21 19 15 30 18 33 14 28 31 28 28 21 1 25 15 31 11 12 26 23 17 23 27 14 23 19 36 34 38 66 55 38 82 36 72 23 38 33 
22 3 20 17 16 7 5 9 30 24 1 19 1 20 21 12 20 25 29 21 16 0 14 15 13 17 16 2 27 16 12 15 22 12 23 17 19 31 25 13 28 20 17 11 7 19 8 25 13 30 32 40 60 49 32 76 30 74 17 32 27 
36 11 6 21 20 11 19 23 28 20 15 5 15 6 25 16 24 11 25 7 12 14 0 19 17 3 30 16 31 2 26 29 26 26 9 13 23 27 29 1 24 24 21 15 21 33 12 11 17 34 42 26 54 43 34 70 34 60 21 36 31 
37 12 25 22 21 12 20 24 37 29 16 24 16 25 18 3 17 30 34 26 21 15 19 0 10 22 31 17 24 21 27 30 19 27 28 22 24 36 10 18 33 17 2 4 22 34 13 30 2 15 35 33 45 42 17 61 27 67 14 29 12 
27 10 23 20 19 10 18 22 35 27 14 22 14 23 8 7 7 28 32 24 19 13 17 10 0 20 29 15 14 19 25 28 9 25 26 20 22 34 20 16 31 7 12 6 20 30 11 28 8 25 29 43 55 52 27 71 25 77 12 27 22 
39 14 3 24 23 14 22 26 31 23 18 2 18 3 28 19 27 8 28 4 15 17 3 22 20 0 33 19 34 1 29 32 29 29 6 16 26 30 32 4 27 27 24 18 24 36 15 8 20 33 45 23 51 40 31 67 37 57 24 39 34 
6 19 36 33 32 23 11 7 14 22 15 35 15 36 25 28 26 41 17 37 30 16 30 31 29 33 0 14 19 32 4 1 24 4 39 29 35 15 41 29 18 26 33 27 9 3 24 41 29 46 16 56 76 65 48 92 46 90 33 22 43 
20 5 22 19 18 9 3 7 28 26 1 21 1 22 23 14 22 27 31 23 18 2 16 17 15 19 14 0 29 18 10 13 24 10 25 19 21 29 27 15 30 22 19 13 5 17 10 27 15 32 30 42 62 51 34 78 32 76 19 34 29 
13 24 37 34 33 24 30 26 21 29 28 36 28 37 6 21 7 42 24 38 33 27 31 24 14 34 19 29 0 33 23 20 5 23 40 34 36 22 34 30 25 7 26 20 28 16 25 42 22 39 15 57 69 66 41 85 39 91 26 21 36 
38 13 4 23 22 13 21 25 30 22 17 3 17 4 27 18 26 9 27 5 14 16 2 21 19 1 32 18 33 0 28 31 28 28 7 15 25 29 31 3 26 26 23 17 23 35 14 9 19 34 44 24 52 41 32 68 36 58 23 38 33 
10 15 32 29 28 19 7 3 18 26 11 31 11 32 29 24 30 37 21 33 28 12 26 27 25 29 4 10 23 28 0 3 28 0 35 29 31 19 37 25 22 30 29 23 5 7 20 37 25 42 20 52 72 61 44 88 42 86 29 26 39 
7 18 35 32 31 22 10 6 15 23 14 34 14 35 26 27 27 40 18 36 31 15 29 30 28 32 1 13 20 31 3 0 25 3 38 30 34 16 40 28 19 27 32 26 8 4 23 40 28 45 17 55 75 64 47 91 45 89 32 23 42 
18 19 32 29 28 19 27 31 26 34 23 31 23 32 1 16 2 37 29 33 28 22 26 19 9 29 24 24 5 28 28 25 0 28 35 29 31 27 29 25 30 2 21 15 29 21 20 37 17 34 20 52 64 61 36 80 34 86 21 26 31 
10 15 32 29 28 19 7 3 18 26 11 31 11 32 29 24 30 37 21 33 28 12 26 27 25 29 4 10 23 28 0 3 28 0 35 29 31 19 37 25 22 30 29 23 5 7 20 37 25 42 20 52 72 61 44 88 42 86 29 26 39 
45 20 3 30 29 20 28 32 37 29 24 4 24 3 34 25 33 2 34 2 21 23 9 28 26 6 39 25 40 7 35 38 35 35 0 22 30 36 32 10 33 33 30 24 30 42 21 2 26 27 51 17 45 34 25 61 35 51 30 45 30 
23 14 19 24 23 14 22 26 15 7 18 18 18 19 28 19 27 24 12 20 1 17 13 22 20 16 29 19 34 15 29 30 29 29 22 0 26 14 32 12 11 27 24 18 24 26 15 24 20 37 33 39 67 56 39 83 37 73 24 39 34 
41 16 29 2 3 12 24 28 41 33 20 28 20 29 30 21 29 28 38 30 25 19 23 24 22 26 35 21 36 25 31 34 31 31 30 26 0 40 28 22 37 29 26 20 26 38 11 28 22 23 47 21 41 30 21 57 31 55 26 41 26 
9 28 33 38 37 28 26 22 1 7 30 32 30 33 28 33 29 38 2 34 15 31 27 36 34 30 15 29 22 29 19 16 27 19 36 14 40 0 46 26 3 29 38 32 24 12 29 38 34 51 19 53 81 70 53 97 51 87 38 25 48 
47 22 35 30 31 22 30 34 47 39 26 34 26 35 28 13 27 30 44 34 31 25 29 10 20 32 41 27 34 31 37 40 29 37 32 32 28 46 0 28 43 27 8 14 32 44 23 30 12 5 45 23 35 32 7 51 25 57 24 39 2 
35 10 7 20 19 10 18 22 27 19 14 6 14 7 24 15 23 12 24 8 11 13 1 18 16 4 29 15 30 3 25 28 25 25 10 12 22 26 28 0 23 23 20 14 20 32 11 12 16 33 41 27 55 44 35 71 33 61 20 35 30 
12 25 30 35 34 25 29 25 4 4 29 29 29 30 31 30 32 35 1 31 12 28 24 33 31 27 18 30 25 26 22 19 30 22 33 11 37 3 43 23 0 32 35 29 27 15 26 35 31 48 22 50 78 67 50 94 48 84 35 28 45 
20 17 30 27 26 17 25 29 28 34 21 29 21 30 1 14 0 35 31 31 26 20 24 17 7 27 26 22 7 26 30 27 2 30 33 27 29 29 27 23 32 0 19 13 27 23 18 35 15 32 22 50 62 59 34 78 32 84 19 28 29 
39 14 27 24 23 14 22 26 39 31 18 26 18 27 20 5 19 32 36 28 23 17 21 2 12 24 33 19 26 23 29 32 21 29 30 24 26 38 8 20 35 19 0 6 24 36 15 32 4 13 37 31 43 40 15 59 29 65 16 31 10 
33 8 21 18 17 8 16 20 33 25 12 20 12 21 14 1 13 26 30 22 17 11 15 4 6 18 27 13 20 17 23 26 15 23 24 18 20 32 14 14 29 13 6 0 18 30 9 26 2 19 31 37 49 46 21 65 23 71 10 25 16 
15 10 27 24 23 14 2 2 23 31 6 26 6 27 28 19 27 32 26 28 23 7 21 22 20 24 9 5 28 23 5 8 29 5 30 24 26 24 32 20 27 27 24 18 0 12 15 32 20 37 25 47 67 56 39 83 37 81 24 31 34 
3 22 39 36 35 26 14 10 11 19 18 38 18 39 22 31 23 44 14 40 27 19 33 34 30 36 3 17 16 35 7 4 21 7 42 26 38 12 44 32 15 23 36 30 12 0 27 44 32 49 13 59 79 68 51 95 49 93 36 19 46 
30 5 18 9 8 1 13 17 30 22 9 17 9 18 19 10 18 23 27 19 14 8 12 13 11 15 24 10 25 14 20 23 20 20 21 15 11 29 23 11 26 18 15 9 15 27 0 23 11 28 36 32 52 41 30 68 28 66 15 30 25 
47 22 5 30 31 22 30 34 39 31 26 6 26 5 36 27 35 0 36 4 23 25 11 30 28 8 41 27 42 9 37 40 37 37 2 24 28 38 30 12 35 35 32 26 32 44 23 0 28 25 53 15 43 32 23 59 33 49 32 47 28 
35 10 23 20 19 10 18 22 35 27 14 22 14 23 16 1 15 28 32 24 19 13 17 2 8 20 29 15 22 19 25 28 17 25 26 20 22 34 12 16 31 15 4 2 20 32 11 28 0 17 33 35 47 44 19 63 25 69 12 27 14 
52 27 30 25 26 27 35 39 52 44 31 31 31 30 33 18 32 25 49 29 36 30 34 15 25 33 46 32 39 34 42 45 34 42 27 37 23 51 5 33 48 32 13 19 37 49 28 25 17 0 50 18 30 27 2 46 20 52 29 44 3 
10 35 48 45 44 35 27 23 18 26 31 47 31 48 21 32 22 53 21 49 34 32 42 35 29 45 16 30 15 44 20 17 20 20 51 33 47 19 45 41 22 22 37 31 25 13 36 53 33 50 0 68 80 77 52 88 42 102 29 6 47 
62 37 20 23 24 33 45 49 54 46 41 21 41 20 51 36 50 15 51 19 38 40 26 33 43 23 56 42 57 24 52 55 52 52 17 39 21 53 23 27 50 50 31 37 47 59 32 15 35 18 68 0 34 25 16 44 26 34 39 62 21 
82 57 48 43 44 53 65 69 82 74 61 49 61 48 63 48 62 43 79 47 66 60 54 45 55 51 76 62 69 52 72 75 64 72 45 67 41 81 35 55 78 62 43 49 67 79 52 43 47 30 80 34 0 17 28 16 38 22 51 74 33 
71 46 37 32 33 42 54 58 71 63 50 38 50 37 60 45 59 32 68 36 55 49 43 42 52 40 65 51 66 41 61 64 61 61 34 56 30 70 32 44 67 59 40 46 56 68 41 32 44 27 77 25 17 0 25 27 35 25 48 71 30 
54 29 28 23 24 29 37 41 54 46 33 29 33 28 35 20 34 23 51 27 38 32 34 17 27 31 48 34 41 32 44 47 36 44 25 39 21 53 7 35 50 34 15 21 39 51 30 23 19 2 52 16 28 25 0 44 18 50 31 46 5 
98 73 64 59 60 69 81 85 98 90 77 65 77 64 79 64 78 59 95 63 82 76 70 61 71 67 92 78 85 68 88 91 80 88 61 83 57 97 51 71 94 78 59 65 83 95 68 59 63 46 88 44 16 27 44 0 46 32 59 82 49 
52 27 38 33 34 27 35 39 52 44 31 39 31 38 33 24 32 33 49 37 36 30 34 27 25 37 46 32 39 36 42 45 34 42 35 37 31 51 25 33 48 32 29 23 37 49 28 33 25 20 42 26 38 35 18 46 0 60 13 36 23 
96 71 54 57 58 67 79 83 88 80 75 55 75 54 85 70 84 49 85 53 72 74 60 67 77 57 90 76 91 58 86 89 86 86 51 73 55 87 57 61 84 84 65 71 81 93 66 49 69 52 102 34 22 25 50 32 60 0 73 96 55 
39 14 27 24 23 14 22 26 39 31 18 26 18 27 20 11 19 32 36 28 23 17 21 14 12 24 33 19 26 23 29 32 21 29 30 24 26 38 24 20 35 19 16 10 24 36 15 32 12 29 29 39 51 48 31 59 13 73 0 23 26 
16 29 42 39 38 29 33 29 24 32 33 41 33 42 27 26 28 47 27 43 38 32 36 29 27 39 22 34 21 38 26 23 26 26 45 39 41 25 39 35 28 28 31 25 31 19 30 47 27 44 6 62 74 71 46 82 36 96 23 0 41 
49 24 33 28 29 24 32 36 49 41 28 34 28 33 30 15 29 28 46 32 33 27 31 12 22 34 43 29 36 33 39 42 31 39 30 34 26 48 2 30 45 29 10 16 34 46 25 28 14 3 47 21 33 30 5 49 23 55 26 41 0 
