60
0 16 53 29 13 23 45 26 108 122 36 73 16 29 105 113 103 125 80 79 93 124 16 71 94 40 92 110 19 32 71 70 22 31 43 38 41 108 52 39 16 60 108 47 55 81 94 51 45 32 19 120 99 75 84 44 68 20 67 93 99 
16 0 47 23 3 33 29 30 92 106 40 67 8 13 99 117 113 129 76 63 87 108 24 61 106 28 100 102 11 36 75 62 26 15 27 22 25 104 36 49 32 44 124 37 39 85 106 61 49 16 29 116 109 85 100 32 72 24 77 97 109 
53 47 0 30 46 76 24 73 55 69 83 26 51 40 58 160 156 172 33 26 46 71 67 24 147 23 143 63 54 79 118 23 69 42 30 33 28 61 15 92 69 15 161 16 18 128 147 104 92 43 72 73 152 128 137 19 115 67 120 140 152 
29 23 30 0 22 52 16 49 79 93 59 50 27 16 82 136 132 148 57 50 70 95 43 48 123 15 119 87 30 55 94 47 45 18 14 9 12 85 23 68 45 31 137 24 26 104 123 80 68 19 48 97 128 104 113 19 91 43 96 116 128 
13 3 46 22 0 36 32 33 95 109 43 66 11 16 98 120 116 132 73 66 86 111 27 64 107 31 103 103 14 39 78 63 29 18 30 25 28 101 39 52 29 47 121 40 42 88 107 64 52 19 32 113 112 88 97 35 75 27 80 100 112 
23 33 76 52 36 0 58 11 121 135 13 96 29 42 128 90 86 102 103 92 116 137 13 90 79 57 73 131 32 9 48 91 15 44 56 51 54 131 65 22 11 73 95 66 68 58 79 34 22 45 10 143 82 58 71 61 45 13 50 70 82 
45 29 24 16 32 58 0 55 67 83 65 44 33 22 76 142 138 154 53 40 64 85 49 38 131 5 125 79 36 61 100 39 51 24 12 15 10 81 13 74 57 19 149 14 16 110 131 86 74 23 54 93 134 110 125 9 97 49 102 122 134 
26 30 73 49 33 11 55 0 114 132 18 93 26 39 125 95 91 107 102 87 113 134 10 87 84 54 78 128 27 14 51 88 12 39 51 48 51 130 62 27 10 66 102 63 63 63 84 39 27 38 7 142 87 63 78 58 50 10 55 75 87 
108 92 55 79 95 121 67 114 0 22 128 35 96 83 19 203 201 215 28 33 15 28 112 37 194 68 188 22 93 124 157 38 110 81 69 74 71 24 60 137 120 52 212 61 57 171 194 149 135 80 117 36 197 173 188 64 160 112 165 183 197 
122 106 69 93 109 135 83 132 22 0 142 49 110 99 17 219 215 231 42 51 29 10 126 51 208 82 202 12 111 138 175 52 128 99 87 92 87 14 74 151 134 70 226 75 75 187 208 163 151 98 131 18 211 187 202 78 174 126 179 199 211 
36 40 83 59 43 13 65 18 128 142 0 103 36 49 135 81 77 93 112 99 123 144 20 97 70 64 64 138 39 8 39 98 22 51 63 58 61 140 72 13 20 80 88 73 75 49 70 25 13 52 17 152 73 49 64 68 36 20 41 61 73 
73 67 26 50 66 96 44 93 35 49 103 0 71 60 38 180 176 192 13 14 26 51 87 12 167 43 163 43 74 99 138 11 89 62 50 53 48 41 35 112 89 35 181 36 38 148 167 124 112 63 92 53 172 148 157 39 135 87 140 160 172 
16 8 51 27 11 29 33 26 96 110 36 71 0 17 103 113 109 125 80 67 91 112 20 65 102 32 96 106 3 32 71 66 22 19 31 26 29 108 40 45 28 48 120 41 43 81 102 57 45 20 25 120 105 81 96 36 68 20 73 93 105 
29 13 40 16 16 42 22 39 83 99 49 60 17 0 92 126 122 138 69 56 80 101 33 54 115 21 109 95 20 45 84 55 35 2 20 15 18 97 29 58 41 35 133 30 32 94 115 70 58 3 38 109 118 94 109 25 81 33 86 106 118 
105 99 58 82 98 128 76 125 19 17 135 38 103 92 0 212 208 224 29 46 18 19 119 44 199 75 195 11 106 131 170 43 121 94 82 85 80 9 67 144 121 67 213 68 70 180 199 156 144 95 124 21 204 180 189 71 167 119 172 192 204 
113 117 160 136 120 90 142 95 203 219 81 180 113 126 212 0 10 18 189 176 200 221 97 174 19 141 21 215 116 85 52 175 99 128 140 135 138 217 149 74 97 155 13 150 152 38 19 62 74 127 94 229 14 38 29 145 49 97 46 26 14 
103 113 156 132 116 86 138 91 201 215 77 176 109 122 208 10 0 22 183 172 196 217 93 170 15 137 17 211 112 81 48 171 95 124 136 131 134 211 145 70 91 153 15 146 148 34 15 58 70 125 90 223 10 34 23 141 45 93 42 22 10 
125 129 172 148 132 102 154 107 215 231 93 192 125 138 224 18 22 0 201 188 212 233 109 186 31 153 33 227 128 97 64 187 111 140 152 147 150 229 161 86 109 167 17 162 164 50 31 74 86 139 106 241 26 50 41 157 61 109 58 38 26 
80 76 33 57 73 103 53 102 28 42 112 13 80 69 29 189 183 201 0 23 17 44 96 19 174 52 172 34 83 108 147 18 98 71 59 62 57 32 44 119 96 44 188 43 47 157 174 131 121 72 99 44 179 155 164 48 144 96 147 169 179 
79 63 26 50 66 92 40 87 33 51 99 14 67 56 46 176 172 188 23 0 34 55 83 8 165 39 159 49 66 95 130 9 83 54 42 47 44 51 31 108 91 25 183 32 30 144 165 120 108 53 88 63 168 144 159 35 131 83 136 156 168 
93 87 46 70 86 116 64 113 15 29 123 26 91 80 18 200 196 212 17 34 0 31 107 32 187 63 183 23 94 119 158 31 109 82 70 73 68 21 55 132 109 55 201 56 58 168 187 144 132 83 112 33 192 168 177 59 155 107 160 180 192 
124 108 71 95 111 137 85 134 28 10 144 51 112 101 19 221 217 233 44 55 31 0 128 53 210 84 204 14 115 140 179 54 130 103 91 94 89 16 76 153 136 76 228 77 79 189 210 165 153 104 133 12 213 189 204 80 176 128 181 201 213 
16 24 67 43 27 13 49 10 112 126 20 87 20 33 119 97 93 109 96 83 107 128 0 81 86 48 80 122 23 16 55 82 6 35 47 42 45 124 56 29 12 64 104 57 59 65 86 41 29 36 9 136 89 65 80 52 52 4 57 77 89 
71 61 24 48 64 90 38 87 37 51 97 12 65 54 44 174 170 186 19 8 32 53 81 0 163 37 157 47 68 93 132 1 83 56 44 47 42 47 29 106 87 29 179 30 32 142 163 118 106 57 86 59 166 142 155 33 129 81 134 154 166 
94 106 147 123 107 79 131 84 194 208 70 167 102 115 199 19 15 31 174 165 187 210 86 163 0 130 10 204 105 74 41 164 88 117 129 124 127 202 138 63 82 146 22 139 141 27 0 51 63 118 83 214 11 27 14 134 38 86 35 15 11 
40 28 23 15 31 57 5 54 68 82 64 43 32 21 75 141 137 153 52 39 63 84 48 37 130 0 124 78 35 60 99 38 50 23 11 14 9 80 12 73 56 20 148 13 15 109 130 85 73 24 53 92 133 109 124 8 96 48 101 121 133 
92 100 143 119 103 73 125 78 188 202 64 163 96 109 195 21 17 33 172 159 183 204 80 157 10 124 0 198 99 68 35 158 82 111 123 118 121 200 132 57 80 140 28 133 135 21 10 45 57 112 77 212 13 21 12 128 32 80 29 9 13 
110 102 63 87 103 131 79 128 22 12 138 43 106 95 11 215 211 227 34 49 23 14 122 47 204 78 198 0 109 134 173 48 124 97 85 88 83 2 70 147 126 70 218 71 73 183 204 159 147 98 127 18 207 183 194 74 170 122 175 195 207 
19 11 54 30 14 32 36 27 93 111 39 74 3 20 106 116 112 128 83 66 94 115 23 68 105 35 99 109 0 35 70 69 23 18 30 27 32 111 43 48 31 45 123 44 42 84 105 60 48 17 28 123 108 84 99 39 71 23 76 96 108 
32 36 79 55 39 9 61 14 124 138 8 99 32 45 131 85 81 97 108 95 119 140 16 93 74 60 68 134 35 0 43 94 18 47 59 54 57 136 68 17 16 76 92 69 71 53 74 29 17 48 13 148 77 53 68 64 40 16 45 65 77 
71 75 118 94 78 48 100 51 157 175 39 138 71 84 170 52 48 64 147 130 158 179 55 132 41 99 35 173 70 43 0 133 55 82 94 91 96 175 107 32 55 109 59 108 106 20 41 20 32 81 52 187 44 20 35 103 3 55 12 32 44 
70 62 23 47 63 91 39 88 38 52 98 11 66 55 43 175 171 187 18 9 31 54 82 1 164 38 158 48 69 94 133 0 84 57 45 48 43 46 30 107 86 30 178 31 33 143 164 119 107 58 87 58 167 143 154 34 130 82 135 155 167 
22 26 69 45 29 15 51 12 110 128 22 89 22 35 121 99 95 111 98 83 109 130 6 83 88 50 82 124 23 18 55 84 0 35 47 44 47 126 58 31 14 62 106 59 59 67 88 43 31 34 11 138 91 67 82 54 54 2 59 79 91 
31 15 42 18 18 44 24 39 81 99 51 62 19 2 94 128 124 140 71 54 82 103 35 56 117 23 111 97 18 47 82 57 35 0 18 15 20 99 31 60 43 33 135 32 30 96 117 72 60 1 40 111 120 96 111 27 83 35 88 108 120 
43 27 30 14 30 56 12 51 69 87 63 50 31 20 82 140 136 152 59 42 70 91 47 44 129 11 123 85 30 59 94 45 47 18 0 11 2 87 19 72 55 21 147 20 18 108 129 84 72 17 52 99 132 108 123 15 95 47 100 120 132 
38 22 33 9 25 51 15 48 74 92 58 53 26 15 85 135 131 147 62 47 73 94 42 47 124 14 118 88 27 54 91 48 44 15 11 0 11 90 22 67 50 26 142 23 23 103 124 79 67 14 47 102 127 103 118 18 90 42 95 115 127 
41 25 28 12 28 54 10 51 71 87 61 48 29 18 80 138 134 150 57 44 68 89 45 42 127 9 121 83 32 57 96 43 47 20 2 11 0 85 17 70 53 23 145 18 20 106 127 82 70 19 50 97 130 106 121 13 93 45 98 118 130 
108 104 61 85 101 131 81 130 24 14 140 41 108 97 9 217 211 229 32 51 21 16 124 47 202 80 200 2 111 136 175 46 126 99 87 90 85 0 72 147 124 72 216 71 75 185 202 159 149 100 127 16 207 183 192 76 172 124 175 197 207 
52 36 15 23 39 65 13 62 60 74 72 35 40 29 67 149 145 161 44 31 55 76 56 29 138 12 132 70 43 68 107 30 58 31 19 22 17 72 0 81 64 12 156 5 3 117 138 93 81 32 61 84 141 117 132 8 104 56 109 129 141 
39 49 92 68 52 22 74 27 137 151 13 112 45 58 144 74 70 86 119 108 132 153 29 106 63 73 57 147 48 17 32 107 31 60 72 67 70 147 81 0 27 89 79 82 84 42 63 18 6 61 26 159 66 42 55 77 29 29 34 54 66 
16 32 69 45 29 11 57 10 120 134 20 89 28 41 121 97 91 109 96 91 109 136 12 87 82 56 80 126 31 16 55 86 14 43 55 50 53 124 64 27 0 72 96 63 67 65 82 39 29 44 3 136 87 63 72 60 52 12 55 77 87 
60 44 15 31 47 73 19 66 52 70 80 35 48 35 67 155 153 167 44 25 55 76 64 29 146 20 140 70 45 76 109 30 62 33 21 26 23 72 12 89 72 0 164 13 9 123 146 101 87 32 69 84 149 125 140 16 112 64 117 135 149 
108 124 161 137 121 95 149 102 212 226 88 181 120 133 213 13 15 17 188 183 201 228 104 179 22 148 28 218 123 92 59 178 106 135 147 142 145 216 156 79 96 164 0 155 159 45 22 67 81 136 99 228 19 43 28 152 56 104 51 33 19 
47 37 16 24 40 66 14 63 61 75 73 36 41 30 68 150 146 162 43 32 56 77 57 30 139 13 133 71 44 69 108 31 59 32 20 23 18 71 5 82 63 13 155 0 8 118 139 94 82 33 62 83 142 118 131 9 105 57 110 130 142 
55 39 18 26 42 68 16 63 57 75 75 38 43 32 70 152 148 164 47 30 58 79 59 32 141 15 135 73 42 71 106 33 59 30 18 23 20 75 3 84 67 9 159 8 0 120 141 96 84 29 64 87 144 120 135 11 107 59 112 132 144 
81 85 128 104 88 58 110 63 171 187 49 148 81 94 180 38 34 50 157 144 168 189 65 142 27 109 21 183 84 53 20 143 67 96 108 103 106 185 117 42 65 123 45 118 120 0 27 30 42 95 62 197 30 6 21 113 17 65 14 18 30 
94 106 147 123 107 79 131 84 194 208 70 167 102 115 199 19 15 31 174 165 187 210 86 163 0 130 10 204 105 74 41 164 88 117 129 124 127 202 138 63 82 146 22 139 141 27 0 51 63 118 83 214 11 27 14 134 38 86 35 15 11 
51 61 104 80 64 34 86 39 149 163 25 124 57 70 156 62 58 74 131 120 144 165 41 118 51 85 45 159 60 29 20 119 43 72 84 79 82 159 93 18 39 101 67 94 96 30 51 0 18 73 38 171 54 30 43 89 17 41 22 42 54 
45 49 92 68 52 22 74 27 135 151 13 112 45 58 144 74 70 86 121 108 132 153 29 106 63 73 57 147 48 17 32 107 31 60 72 67 70 149 81 6 29 87 81 82 84 42 63 18 0 59 26 161 66 42 57 77 29 29 34 54 66 
32 16 43 19 19 45 23 38 80 98 52 63 20 3 95 127 125 139 72 53 83 104 36 57 118 24 112 98 17 48 81 58 34 1 17 14 19 100 32 61 44 32 136 33 29 95 118 73 59 0 41 112 121 97 112 28 84 36 89 107 121 
19 29 72 48 32 10 54 7 117 131 17 92 25 38 124 94 90 106 99 88 112 133 9 86 83 53 77 127 28 13 52 87 11 40 52 47 50 127 61 26 3 69 99 62 64 62 83 38 26 41 0 139 86 62 75 57 49 9 54 74 86 
120 116 73 97 113 143 93 142 36 18 152 53 120 109 21 229 223 241 44 63 33 12 136 59 214 92 212 18 123 148 187 58 138 111 99 102 97 16 84 159 136 84 228 83 87 197 214 171 161 112 139 0 219 195 204 88 184 136 187 209 219 
99 109 152 128 112 82 134 87 197 211 73 172 105 118 204 14 10 26 179 168 192 213 89 166 11 133 13 207 108 77 44 167 91 120 132 127 130 207 141 66 87 149 19 142 144 30 11 54 66 121 86 219 0 30 19 137 41 89 38 18 0 
75 85 128 104 88 58 110 63 173 187 49 148 81 94 180 38 34 50 155 144 168 189 65 142 27 109 21 183 84 53 20 143 67 96 108 103 106 183 117 42 63 125 43 118 120 6 27 30 42 97 62 195 30 0 19 113 17 65 14 18 30 
84 100 137 113 97 71 125 78 188 202 64 157 96 109 189 29 23 41 164 159 177 204 80 155 14 124 12 194 99 68 35 154 82 111 123 118 121 192 132 55 72 140 28 131 135 21 14 43 57 112 75 204 19 19 0 128 32 80 27 9 19 
44 32 19 19 35 61 9 58 64 78 68 39 36 25 71 145 141 157 48 35 59 80 52 33 134 8 128 74 39 64 103 34 54 27 15 18 13 76 8 77 60 16 152 9 11 113 134 89 77 28 57 88 137 113 128 0 100 52 105 125 137 
68 72 115 91 75 45 97 50 160 174 36 135 68 81 167 49 45 61 144 131 155 176 52 129 38 96 32 170 71 40 3 130 54 83 95 90 93 172 104 29 52 112 56 105 107 17 38 17 29 84 49 184 41 17 32 100 0 52 9 29 41 
20 24 67 43 27 13 49 10 112 126 20 87 20 33 119 97 93 109 96 83 107 128 4 81 86 48 80 122 23 16 55 82 2 35 47 42 45 124 56 29 12 64 104 57 59 65 86 41 29 36 9 136 89 65 80 52 52 0 57 77 89 
67 77 120 96 80 50 102 55 165 179 41 140 73 86 172 46 42 58 147 136 160 181 57 134 35 101 29 175 76 45 12 135 59 88 100 95 98 175 109 34 55 117 51 110 112 14 35 22 34 89 54 187 38 14 27 105 9 57 0 26 38 
93 97 140 116 100 70 122 75 183 199 61 160 93 106 192 26 22 38 169 156 180 201 77 154 15 121 9 195 96 65 32 155 79 108 120 115 118 197 129 54 77 135 33 130 132 18 15 42 54 107 74 209 18 18 9 125 29 77 26 0 18 
99 109 152 128 112 82 134 87 197 211 73 172 105 118 204 14 10 26 179 168 192 213 89 166 11 133 13 207 108 77 44 167 91 120 132 127 130 207 141 66 87 149 19 142 144 30 11 54 66 121 86 219 0 30 19 137 41 89 38 18 0 
