15
0 56 24 23 20 50 88 95 135 106 74 28 70 83 29 98 
56 0 40 41 36 6 32 39 79 50 22 36 14 27 43 42 
24 40 0 1 18 34 64 79 111 82 58 4 54 67 17 82 
23 41 1 0 19 35 65 80 112 83 59 5 55 68 18 83 
20 36 18 19 0 30 68 75 115 86 54 14 50 63 21 78 
50 6 34 35 30 0 38 45 85 56 24 30 20 33 37 48 
88 32 64 65 68 38 0 21 47 24 22 60 18 9 67 24 
95 39 79 80 75 45 21 0 40 31 29 75 25 12 82 31 
135 79 111 112 115 85 47 40 0 29 69 107 65 52 106 53 
106 50 82 83 86 56 24 31 29 0 40 78 36 27 77 42 
74 22 58 59 54 24 22 29 69 40 0 54 26 17 61 24 
28 36 4 5 14 30 60 75 107 78 54 0 50 63 13 78 
70 14 54 55 50 20 18 25 65 36 26 50 0 13 57 28 
83 27 67 68 63 33 9 12 52 27 17 63 13 0 70 19 
29 43 17 18 21 37 67 82 106 77 61 13 57 70 0 85 
98 42 82 83 78 48 24 31 53 42 24 78 28 19 85 0 
