60
0 28 20 15 12 24 43 43 75 68 36 25 28 39 32 61 43 64 23 64 31 57 31 33 40 32 46 42 49 33 62 31 46 52 66 56 50 43 33 42 28 9 62 31 30 59 52 38 32 45 56 23 31 42 35 22 47 33 36 57 46 
28 0 24 21 16 12 15 23 47 40 20 27 12 11 36 41 33 44 37 36 37 33 15 19 36 8 30 34 29 17 42 21 26 24 46 28 22 15 43 18 16 27 34 53 14 31 32 38 20 25 28 13 45 34 25 46 31 17 24 37 18 
20 24 0 11 14 28 31 47 55 48 40 9 32 35 18 65 47 68 19 44 19 37 35 13 44 20 50 22 53 37 66 11 50 48 70 44 38 31 25 22 32 25 42 51 10 39 56 42 36 49 52 27 27 46 39 42 51 37 40 61 34 
15 21 11 0 11 25 28 44 60 53 37 14 29 32 23 62 44 65 22 49 24 42 32 18 41 17 47 27 50 34 63 16 47 45 67 41 35 28 30 27 29 22 47 46 15 44 53 39 33 46 49 24 30 43 36 37 48 34 37 58 31 
12 16 14 11 0 20 31 39 63 56 32 17 24 27 26 57 39 60 27 52 27 45 27 21 36 20 42 30 45 29 58 19 42 40 62 44 38 31 33 30 24 17 50 43 18 47 48 34 28 41 44 19 35 38 31 34 43 29 32 53 34 
24 12 28 25 20 0 27 19 59 52 12 31 12 23 40 37 25 40 41 48 41 41 7 27 28 16 22 42 33 9 38 29 22 36 42 40 34 27 47 26 8 15 46 41 22 43 28 30 12 21 40 1 49 26 17 34 23 9 16 33 30 
43 15 31 28 31 27 0 20 32 29 23 34 15 8 43 38 48 41 44 21 44 26 20 26 51 11 37 41 22 18 35 28 23 17 43 13 7 0 50 9 31 42 19 68 21 16 29 53 35 22 21 28 52 49 40 61 28 18 39 34 3 
43 23 47 44 39 19 20 0 40 41 15 50 15 16 59 30 40 33 60 29 60 42 12 42 43 27 29 57 14 10 19 44 3 17 35 21 19 20 66 25 23 34 27 60 37 24 21 45 27 14 21 20 68 41 32 53 20 10 31 26 23 
75 47 55 60 63 59 32 40 0 15 55 50 47 36 43 62 80 67 52 19 44 26 52 42 83 43 69 41 34 50 49 44 37 31 65 27 25 32 50 33 63 74 21 100 45 22 55 85 67 46 27 60 52 81 72 93 60 50 71 58 29 
68 40 48 53 56 52 29 41 15 0 48 43 40 33 36 63 73 66 45 20 37 11 45 35 76 36 62 26 37 43 50 37 38 32 66 28 26 29 35 26 56 67 26 93 38 23 54 78 60 47 36 53 37 74 65 86 53 43 64 59 30 
36 20 40 37 32 12 23 15 55 48 0 43 18 19 52 25 25 28 53 44 53 45 15 35 28 24 22 50 29 13 26 37 18 32 30 36 30 23 59 28 8 27 42 45 30 39 16 30 12 9 36 13 61 26 17 38 15 13 16 21 26 
25 27 9 14 17 31 34 50 50 43 43 0 35 38 13 68 50 71 14 39 14 32 38 8 47 23 53 17 56 40 69 6 53 51 73 47 41 34 20 25 35 28 45 54 13 42 59 45 39 52 55 30 22 49 42 47 54 40 43 64 37 
28 12 32 29 24 12 15 15 47 40 18 35 0 11 44 33 33 36 45 36 45 37 15 27 36 16 30 42 21 13 34 29 18 24 38 28 22 15 51 20 16 27 34 53 22 31 24 38 20 17 28 13 53 34 25 46 23 13 24 29 18 
39 11 35 32 27 23 8 16 36 33 19 38 11 0 47 34 44 37 48 25 48 30 16 30 47 15 33 45 18 14 31 32 19 13 39 17 15 8 54 13 27 38 23 64 25 20 25 49 31 18 17 24 56 45 36 57 24 14 35 30 11 
32 36 18 23 26 40 43 59 43 36 52 13 44 47 0 77 59 80 15 48 1 25 47 17 56 32 62 10 65 49 78 15 62 60 82 56 50 43 13 34 44 37 54 63 22 51 68 54 48 61 64 39 15 58 51 54 63 49 52 73 46 
61 41 65 62 57 37 38 30 62 63 25 68 33 34 77 0 18 11 78 51 78 60 30 60 21 45 15 75 36 28 17 62 29 39 13 43 41 38 84 43 33 52 49 38 55 46 15 23 29 24 43 38 86 19 26 39 14 28 25 12 41 
43 33 47 44 39 25 48 40 80 73 25 50 33 44 59 18 0 21 60 69 60 62 28 48 3 37 11 63 54 30 35 50 43 57 23 61 55 48 66 47 21 34 67 20 43 64 25 5 17 34 61 26 68 1 14 21 20 30 13 22 51 
64 44 68 65 60 40 41 33 67 66 28 71 36 37 80 11 21 0 81 56 81 63 33 63 24 48 18 78 41 31 22 65 34 44 2 48 46 41 87 46 36 55 54 33 58 51 18 26 32 27 48 41 89 22 29 42 17 31 28 15 44 
23 37 19 22 27 41 44 60 52 45 53 14 45 48 15 78 60 81 0 49 14 34 48 18 57 33 63 19 66 50 79 16 63 61 83 57 51 44 16 35 45 32 55 54 23 52 69 55 49 62 65 40 14 59 52 45 64 50 53 74 47 
64 36 44 49 52 48 21 29 19 20 44 39 36 25 48 51 69 56 49 0 49 31 41 31 72 32 58 46 25 39 38 33 26 20 54 16 14 21 55 22 52 63 14 89 34 11 44 74 56 35 22 49 57 70 61 82 49 39 60 47 18 
31 37 19 24 27 41 44 60 44 37 53 14 45 48 1 78 60 81 14 49 0 26 48 18 57 33 63 11 66 50 79 16 63 61 83 57 51 44 14 35 45 38 55 62 23 52 69 55 49 62 65 40 14 59 52 53 64 50 53 74 47 
57 33 37 42 45 41 26 42 26 11 45 32 37 30 25 60 62 63 34 31 26 0 42 24 65 29 59 15 48 40 61 26 45 43 65 39 33 26 24 23 45 56 37 82 27 34 51 67 49 44 47 42 26 63 54 75 50 40 53 56 29 
31 15 35 32 27 7 20 12 52 45 15 38 15 16 47 30 28 33 48 41 48 42 0 30 31 19 25 45 26 2 31 32 15 29 35 33 27 20 54 25 11 22 39 48 25 36 21 33 15 14 33 8 56 29 20 41 20 2 19 26 23 
33 19 13 18 21 27 26 42 42 35 35 8 27 30 17 60 48 63 18 31 18 24 30 0 51 15 45 21 48 32 61 2 45 43 65 39 33 26 24 17 31 32 37 58 13 34 51 49 35 44 47 28 26 49 40 51 46 32 39 56 29 
40 36 44 41 36 28 51 43 83 76 28 47 36 47 56 21 3 24 57 72 57 65 31 51 0 40 14 60 57 33 38 49 46 60 26 64 58 51 63 50 24 31 70 17 46 67 28 2 20 37 64 29 65 2 17 18 23 33 16 25 54 
32 8 20 17 20 16 11 27 43 36 24 23 16 15 32 45 37 48 33 32 33 29 19 15 40 0 34 30 33 21 46 17 30 28 50 24 18 11 39 14 20 31 30 57 10 27 36 42 24 29 32 17 41 38 29 50 35 21 28 41 14 
46 30 50 47 42 22 37 29 69 62 22 53 30 33 62 15 11 18 63 58 63 59 25 45 14 34 0 60 43 27 24 47 32 46 20 50 44 37 69 42 18 37 56 31 40 53 14 16 14 23 50 23 71 12 11 24 13 27 10 11 40 
42 34 22 27 30 42 41 57 41 26 50 17 42 45 10 75 63 78 19 46 11 15 45 21 60 30 60 0 63 47 76 19 60 58 80 54 48 41 9 32 46 41 52 67 26 49 66 58 50 59 62 43 11 62 55 60 61 47 54 71 44 
49 29 53 50 45 33 22 14 34 37 29 56 21 18 65 36 54 41 66 25 66 48 26 48 57 33 43 63 0 24 23 50 11 13 39 17 15 22 72 31 37 48 23 74 43 20 29 59 41 20 13 34 74 55 46 67 34 24 45 32 19 
33 17 37 34 29 9 18 10 50 43 13 40 13 14 49 28 30 31 50 39 50 40 2 32 33 21 27 47 24 0 29 34 13 27 33 31 25 18 56 23 13 24 37 50 27 34 19 35 17 12 31 10 58 31 22 43 18 0 21 24 21 
62 42 66 63 58 38 35 19 49 50 26 69 34 31 78 17 35 22 79 38 79 61 31 61 38 46 24 76 23 29 0 63 16 26 20 30 28 35 85 44 34 53 36 55 56 33 10 40 30 17 30 39 87 36 27 48 15 29 26 13 32 
31 21 11 16 19 29 28 44 44 37 37 6 29 32 15 62 50 65 16 33 16 26 32 2 49 17 47 19 50 34 63 0 47 45 67 41 35 28 22 19 33 30 39 56 15 36 53 47 37 46 49 30 24 51 42 49 48 34 41 58 31 
46 26 50 47 42 22 23 3 37 38 18 53 18 19 62 29 43 34 63 26 63 45 15 45 46 30 32 60 11 13 16 47 0 14 32 18 16 23 69 28 26 37 24 63 40 21 22 48 30 13 18 23 71 44 35 56 23 13 34 25 20 
52 24 48 45 40 36 17 17 31 32 32 51 24 13 60 39 57 44 61 20 61 43 29 43 60 28 46 58 13 27 26 45 14 0 42 12 10 17 67 26 40 51 18 77 38 15 32 62 44 23 4 37 69 58 49 70 37 27 48 35 14 
66 46 70 67 62 42 43 35 65 66 30 73 38 39 82 13 23 2 83 54 83 65 35 65 26 50 20 80 39 33 20 67 32 42 0 46 44 43 89 48 38 57 52 35 60 49 20 28 34 29 46 43 91 24 31 44 19 33 30 17 46 
56 28 44 41 44 40 13 21 27 28 36 47 28 17 56 43 61 48 57 16 57 39 33 39 64 24 50 54 17 31 30 41 18 12 46 0 6 13 63 22 44 55 14 81 34 11 36 66 48 27 14 41 65 62 53 74 41 31 52 39 10 
50 22 38 35 38 34 7 19 25 26 30 41 22 15 50 41 55 46 51 14 51 33 27 33 58 18 44 48 15 25 28 35 16 10 44 6 0 7 57 16 38 49 12 75 28 9 34 60 42 25 14 35 59 56 47 68 35 25 46 37 4 
43 15 31 28 31 27 0 20 32 29 23 34 15 8 43 38 48 41 44 21 44 26 20 26 51 11 37 41 22 18 35 28 23 17 43 13 7 0 50 9 31 42 19 68 21 16 29 53 35 22 21 28 52 49 40 61 28 18 39 34 3 
33 43 25 30 33 47 50 66 50 35 59 20 51 54 13 84 66 87 16 55 14 24 54 24 63 39 69 9 72 56 85 22 69 67 89 63 57 50 0 41 51 42 61 64 29 58 75 61 55 68 71 46 2 65 58 55 70 56 59 80 53 
42 18 22 27 30 26 9 25 33 26 28 25 20 13 34 43 47 46 35 22 35 23 25 17 50 14 42 32 31 23 44 19 28 26 48 22 16 9 41 0 30 41 20 67 12 17 34 52 34 27 30 27 43 48 39 60 33 23 38 39 12 
28 16 32 29 24 8 31 23 63 56 8 35 16 27 44 33 21 36 45 52 45 45 11 31 24 20 18 46 37 13 34 33 26 40 38 44 38 31 51 30 0 19 50 37 26 47 24 26 8 17 44 9 53 22 13 30 19 13 12 29 34 
9 27 25 22 17 15 42 34 74 67 27 28 27 38 37 52 34 55 32 63 38 56 22 32 31 31 37 41 48 24 53 30 37 51 57 55 49 42 42 41 19 0 61 32 29 58 43 29 23 36 55 14 40 33 26 23 38 24 27 48 45 
62 34 42 47 50 46 19 27 21 26 42 45 34 23 54 49 67 54 55 14 55 37 39 37 70 30 56 52 23 37 36 39 24 18 52 14 12 19 61 20 50 61 0 87 32 3 42 72 54 33 16 47 63 68 59 80 47 37 58 45 16 
31 53 51 46 43 41 68 60 100 93 45 54 53 64 63 38 20 33 54 89 62 82 48 58 17 57 31 67 74 50 55 56 63 77 35 81 75 68 64 67 37 32 87 0 55 84 45 15 33 54 81 40 62 19 28 13 40 50 29 42 71 
30 14 10 15 18 22 21 37 45 38 30 13 22 25 22 55 43 58 23 34 23 27 25 13 46 10 40 26 43 27 56 15 40 38 60 34 28 21 29 12 26 29 32 55 0 29 46 46 30 39 42 23 31 44 35 48 41 27 34 51 24 
59 31 39 44 47 43 16 24 22 23 39 42 31 20 51 46 64 51 52 11 52 34 36 34 67 27 53 49 20 34 33 36 21 15 49 11 9 16 58 17 47 58 3 84 29 0 39 69 51 30 19 44 60 65 56 77 44 34 55 42 13 
52 32 56 53 48 28 29 21 55 54 16 59 24 25 68 15 25 18 69 44 69 51 21 51 28 36 14 66 29 19 10 53 22 32 20 36 34 29 75 34 24 43 42 45 46 39 0 30 20 15 36 29 77 26 17 38 5 19 16 11 32 
38 38 42 39 34 30 53 45 85 78 30 45 38 49 54 23 5 26 55 74 55 67 33 49 2 42 16 58 59 35 40 47 48 62 28 66 60 53 61 52 26 29 72 15 46 69 30 0 22 39 66 31 63 4 19 16 25 35 18 27 56 
32 20 36 33 28 12 35 27 67 60 12 39 20 31 48 29 17 32 49 56 49 49 15 35 20 24 14 50 41 17 30 37 30 44 34 48 42 35 55 34 8 23 54 33 30 51 20 22 0 21 48 13 57 18 9 26 15 17 8 25 38 
45 25 49 46 41 21 22 14 46 47 9 52 17 18 61 24 34 27 62 35 62 44 14 44 37 29 23 59 20 12 17 46 13 23 29 27 25 22 68 27 17 36 33 54 39 30 15 39 21 0 27 22 70 35 26 47 14 12 25 20 25 
56 28 52 49 44 40 21 21 27 36 36 55 28 17 64 43 61 48 65 22 65 47 33 47 64 32 50 62 13 31 30 49 18 4 46 14 14 21 71 30 44 55 16 81 42 19 36 66 48 27 0 41 73 62 53 74 41 31 52 39 18 
23 13 27 24 19 1 28 20 60 53 13 30 13 24 39 38 26 41 40 49 40 42 8 28 29 17 23 43 34 10 39 30 23 37 43 41 35 28 46 27 9 14 47 40 23 44 29 31 13 22 41 0 48 27 18 33 24 10 17 34 31 
31 45 27 30 35 49 52 68 52 37 61 22 53 56 15 86 68 89 14 57 14 26 56 26 65 41 71 11 74 58 87 24 71 69 91 65 59 52 2 43 53 40 63 62 31 60 77 63 57 70 73 48 0 67 60 53 72 58 61 82 55 
42 34 46 43 38 26 49 41 81 74 26 49 34 45 58 19 1 22 59 70 59 63 29 49 2 38 12 62 55 31 36 51 44 58 24 62 56 49 65 48 22 33 68 19 44 65 26 4 18 35 62 27 67 0 15 20 21 31 14 23 52 
35 25 39 36 31 17 40 32 72 65 17 42 25 36 51 26 14 29 52 61 52 54 20 40 17 29 11 55 46 22 27 42 35 49 31 53 47 40 58 39 13 26 59 28 35 56 17 19 9 26 53 18 60 15 0 21 12 22 1 22 43 
22 46 42 37 34 34 61 53 93 86 38 47 46 57 54 39 21 42 45 82 53 75 41 51 18 50 24 60 67 43 48 49 56 70 44 74 68 61 55 60 30 23 80 13 48 77 38 16 26 47 74 33 53 20 21 0 33 43 22 35 64 
47 31 51 48 43 23 28 20 60 53 15 54 23 24 63 14 20 17 64 49 64 50 20 46 23 35 13 61 34 18 15 48 23 37 19 41 35 28 70 33 19 38 47 40 41 44 5 25 15 14 41 24 72 21 12 33 0 18 11 10 31 
33 17 37 34 29 9 18 10 50 43 13 40 13 14 49 28 30 31 50 39 50 40 2 32 33 21 27 47 24 0 29 34 13 27 33 31 25 18 56 23 13 24 37 50 27 34 19 35 17 12 31 10 58 31 22 43 18 0 21 24 21 
36 24 40 37 32 16 39 31 71 64 16 43 24 35 52 25 13 28 53 60 53 53 19 39 16 28 10 54 45 21 26 41 34 48 30 52 46 39 59 38 12 27 58 29 34 55 16 18 8 25 52 17 61 14 1 22 11 21 0 21 42 
57 37 61 58 53 33 34 26 58 59 21 64 29 30 73 12 22 15 74 47 74 56 26 56 25 41 11 71 32 24 13 58 25 35 17 39 37 34 80 39 29 48 45 42 51 42 11 27 25 20 39 34 82 23 22 35 10 24 21 0 37 
46 18 34 31 34 30 3 23 29 30 26 37 18 11 46 41 51 44 47 18 47 29 23 29 54 14 40 44 19 21 32 31 20 14 46 10 4 3 53 12 34 45 16 71 24 13 32 56 38 25 18 31 55 52 43 64 31 21 42 37 0 
