60
0 16 20 24 40 16 92 108 32 12 20 104 100 116 68 116 16 88 8 24 56 12 16 112 28 32 48 40 48 44 40 72 48 32 20 20 100 40 64 12 64 84 40 36 76 112 32 56 112 116 72 104 136 64 76 56 132 80 104 80 104 
16 0 4 32 28 28 84 100 40 8 8 112 108 124 60 104 24 96 8 32 68 24 8 124 20 20 36 48 40 32 32 80 56 44 12 28 108 28 72 20 72 92 32 44 68 104 20 48 120 120 76 108 140 48 80 40 116 84 108 84 108 
20 4 0 32 28 32 88 104 40 8 8 112 108 124 64 104 24 96 12 32 72 28 12 128 24 20 36 48 44 32 36 80 56 48 16 28 108 28 72 20 72 92 36 44 72 108 20 52 120 116 72 104 136 44 76 36 112 80 104 80 104 
24 32 32 0 56 8 112 128 12 28 36 84 80 96 88 132 12 68 28 0 40 12 36 96 48 48 64 20 68 60 60 52 28 16 40 8 80 56 44 16 44 64 60 16 96 132 48 76 92 92 48 80 112 76 52 68 144 56 80 56 80 
40 28 28 56 0 52 60 76 64 32 24 136 132 148 36 80 48 120 32 56 92 48 24 148 12 12 12 72 16 8 8 104 80 68 20 52 132 0 96 44 96 116 8 68 44 80 12 24 144 144 100 132 164 24 104 48 92 108 132 108 132 
16 28 32 8 52 0 108 124 16 24 32 88 84 100 84 128 8 72 24 8 44 8 32 100 44 44 60 24 64 56 56 56 32 20 36 4 84 52 48 12 48 68 56 20 92 128 44 72 96 100 56 88 120 76 60 68 144 64 88 64 88 
92 84 88 112 60 108 0 20 120 88 80 192 188 204 28 24 104 176 88 112 148 104 80 204 68 68 52 128 48 56 56 160 136 124 76 108 188 60 152 100 152 172 56 124 20 24 68 40 200 204 160 192 224 60 164 108 40 168 192 168 192 
108 100 104 128 76 124 20 0 136 104 96 208 204 220 44 8 120 192 104 128 164 120 96 220 84 84 68 144 64 72 72 176 152 140 92 124 204 76 168 116 168 188 72 140 36 8 84 56 216 220 176 208 240 76 180 124 32 184 208 184 208 
32 40 40 12 64 16 120 136 0 36 44 76 72 88 96 140 20 60 36 12 32 20 44 88 56 56 72 12 76 68 68 44 20 8 48 16 72 64 36 24 36 56 68 8 104 140 56 84 84 84 40 72 104 84 44 76 152 48 72 48 72 
12 8 8 28 32 24 88 104 36 0 12 108 104 120 64 108 20 92 4 28 64 20 12 120 24 24 40 44 44 36 36 76 52 40 16 24 104 32 68 16 68 88 36 40 72 108 24 52 116 116 72 104 136 52 76 44 120 80 104 80 104 
20 8 8 36 24 32 80 96 44 12 0 116 112 128 56 100 28 100 12 36 72 28 4 128 16 16 32 52 36 28 28 84 60 48 8 32 112 24 76 24 76 96 28 48 64 100 16 44 124 124 80 112 144 44 84 36 112 88 112 88 112 
104 112 112 84 136 88 192 208 76 108 116 0 8 16 168 212 92 20 108 84 48 92 116 16 128 128 144 68 148 140 140 36 60 72 120 88 8 136 44 96 44 24 140 72 176 212 128 156 12 28 64 16 32 156 52 148 224 88 16 72 40 
100 108 108 80 132 84 188 204 72 104 112 8 0 20 164 208 88 16 104 80 44 88 112 20 124 124 140 64 144 136 136 32 56 68 116 84 0 132 40 92 40 20 136 68 172 208 124 152 16 24 60 12 36 152 48 144 220 84 12 68 36 
116 124 124 96 148 100 204 220 88 120 128 16 20 0 180 224 104 32 120 96 60 104 128 4 140 140 156 80 160 152 152 48 72 84 132 100 20 148 56 108 56 36 152 84 188 224 140 168 8 40 76 28 28 168 64 160 236 100 28 84 52 
68 60 64 88 36 84 28 44 96 64 56 168 164 180 0 48 80 152 64 88 124 80 56 180 44 44 28 104 24 32 32 136 112 100 52 84 164 36 128 76 128 148 32 100 12 48 44 16 176 180 136 168 200 36 140 84 64 144 168 144 168 
116 104 104 132 80 128 24 8 140 108 100 212 208 224 48 0 124 196 108 132 168 124 100 224 88 88 72 148 68 76 76 180 156 144 96 128 208 80 172 120 172 192 76 144 40 4 88 60 220 220 176 208 240 76 180 124 32 184 208 184 208 
16 24 24 12 48 8 104 120 20 20 28 92 88 104 80 124 0 76 20 12 48 4 28 104 40 40 56 28 60 52 52 60 36 24 32 8 88 48 52 8 52 72 52 24 88 124 40 68 100 100 56 88 120 68 60 60 136 64 88 64 88 
88 96 96 68 120 72 176 192 60 92 100 20 16 32 152 196 76 0 92 68 32 76 100 32 112 112 128 52 132 124 124 20 44 56 104 72 16 120 28 80 28 8 124 56 160 196 112 140 28 28 48 16 48 140 36 132 208 72 16 56 24 
8 8 12 28 32 24 88 104 36 4 12 108 104 120 64 108 20 92 0 28 64 20 12 120 24 24 40 44 44 36 36 76 52 40 16 24 104 32 68 16 68 88 36 40 72 108 24 52 116 120 76 108 140 56 80 48 124 84 108 84 108 
24 32 32 0 56 8 112 128 12 28 36 84 80 96 88 132 12 68 28 0 40 12 36 96 48 48 64 20 68 60 60 52 28 16 40 8 80 56 44 16 44 64 60 16 96 132 48 76 92 92 48 80 112 76 52 68 144 56 80 56 80 
56 68 72 40 92 44 148 164 32 64 72 48 44 60 124 168 48 32 64 40 0 48 72 60 84 84 100 24 104 96 96 16 16 28 76 44 44 92 8 52 8 28 96 28 132 168 84 112 56 60 24 48 80 116 20 108 184 48 48 32 48 
12 24 28 12 48 8 104 120 20 20 28 92 88 104 80 124 4 76 20 12 48 0 28 104 40 40 56 28 60 52 52 60 36 24 32 8 88 48 52 8 52 72 52 24 88 124 40 68 100 104 60 92 124 72 64 64 140 68 92 68 92 
16 8 12 36 24 32 80 96 44 12 4 116 112 128 56 100 28 100 12 36 72 28 0 128 16 16 32 52 36 28 28 84 60 48 8 32 112 24 76 24 76 96 28 48 64 100 16 44 124 128 84 116 148 48 88 40 116 92 116 92 116 
112 124 128 96 148 100 204 220 88 120 128 16 20 4 180 224 104 32 120 96 60 104 128 0 140 140 156 80 160 152 152 48 72 84 132 100 20 148 56 108 56 36 152 84 188 224 140 168 8 44 80 32 32 172 68 164 240 104 32 88 56 
28 20 24 48 12 44 68 84 56 24 16 128 124 140 44 88 40 112 24 48 84 40 16 140 0 4 20 64 24 16 16 96 72 60 12 44 124 12 88 36 88 108 16 60 52 88 4 32 136 140 96 128 160 36 100 44 104 104 128 104 128 
32 20 20 48 12 44 68 84 56 24 16 128 124 140 44 88 40 112 24 48 84 40 16 140 4 0 20 64 24 16 16 96 72 60 12 44 124 12 88 36 88 108 16 60 52 88 0 32 136 136 92 124 156 32 96 40 100 100 124 100 124 
48 36 36 64 12 60 52 68 72 40 32 144 140 156 28 72 56 128 40 64 100 56 32 156 20 20 0 80 8 8 8 112 88 76 28 60 140 12 104 52 104 124 8 76 36 72 20 16 152 152 108 140 172 16 112 56 84 116 140 116 140 
40 48 48 20 72 24 128 144 12 44 52 68 64 80 104 148 28 52 44 20 24 28 52 80 64 64 80 0 84 76 76 36 12 8 56 24 64 72 28 32 28 48 76 8 112 148 64 92 76 76 32 64 96 92 36 84 160 40 64 40 64 
48 40 44 68 16 64 48 64 76 44 36 148 144 160 24 68 60 132 44 68 104 60 36 160 24 24 8 84 0 12 12 116 92 80 32 64 144 16 108 56 108 128 12 80 32 68 24 12 156 160 116 148 180 16 120 64 84 124 148 124 148 
44 32 32 60 8 56 56 72 68 36 28 140 136 152 32 76 52 124 36 60 96 52 28 152 16 16 8 76 12 0 4 108 84 72 24 56 136 8 100 48 100 120 4 72 40 76 16 20 148 148 104 136 168 20 108 52 88 112 136 112 136 
40 32 36 60 8 56 56 72 68 36 28 140 136 152 32 76 52 124 36 60 96 52 28 152 16 16 8 76 12 4 0 108 84 72 24 56 136 8 100 48 100 120 0 72 40 76 16 20 148 152 108 140 172 24 112 56 92 116 140 116 140 
72 80 80 52 104 56 160 176 44 76 84 36 32 48 136 180 60 20 76 52 16 60 84 48 96 96 112 36 116 108 108 0 28 40 88 56 32 104 12 64 12 16 108 40 144 180 96 124 44 44 32 32 64 124 20 116 192 56 32 40 32 
48 56 56 28 80 32 136 152 20 52 60 60 56 72 112 156 36 44 52 28 16 36 60 72 72 72 88 12 92 84 84 28 0 16 64 32 56 80 20 40 20 40 84 16 120 156 72 100 68 68 24 56 88 100 28 92 168 32 56 32 56 
32 44 48 16 68 20 124 140 8 40 48 72 68 84 100 144 24 56 40 16 28 24 48 84 60 60 76 8 80 72 72 40 16 0 52 20 68 68 32 28 32 52 72 4 108 144 60 88 80 84 40 72 104 92 44 84 160 48 72 48 72 
20 12 16 40 20 36 76 92 48 16 8 120 116 132 52 96 32 104 16 40 76 32 8 132 12 12 28 56 32 24 24 88 64 52 0 36 116 20 80 28 80 100 24 52 60 96 12 40 128 132 88 120 152 44 92 36 112 96 120 96 120 
20 28 28 8 52 4 108 124 16 24 32 88 84 100 84 128 8 72 24 8 44 8 32 100 44 44 60 24 64 56 56 56 32 20 36 0 84 52 48 12 48 68 56 20 92 128 44 72 96 96 52 84 116 72 56 64 140 60 84 60 84 
100 108 108 80 132 84 188 204 72 104 112 8 0 20 164 208 88 16 104 80 44 88 112 20 124 124 140 64 144 136 136 32 56 68 116 84 0 132 40 92 40 20 136 68 172 208 124 152 16 24 60 12 36 152 48 144 220 84 12 68 36 
40 28 28 56 0 52 60 76 64 32 24 136 132 148 36 80 48 120 32 56 92 48 24 148 12 12 12 72 16 8 8 104 80 68 20 52 132 0 96 44 96 116 8 68 44 80 12 24 144 144 100 132 164 24 104 48 92 108 132 108 132 
64 72 72 44 96 48 152 168 36 68 76 44 40 56 128 172 52 28 68 44 8 52 76 56 88 88 104 28 108 100 100 12 20 32 80 48 40 96 0 56 0 24 100 32 136 172 88 116 52 52 24 40 72 116 12 108 184 48 40 32 40 
12 20 20 16 44 12 100 116 24 16 24 96 92 108 76 120 8 80 16 16 52 8 24 108 36 36 52 32 56 48 48 64 40 28 28 12 92 44 56 0 56 76 48 28 84 120 36 64 104 104 60 92 124 64 64 56 132 68 92 68 92 
64 72 72 44 96 48 152 168 36 68 76 44 40 56 128 172 52 28 68 44 8 52 76 56 88 88 104 28 108 100 100 12 20 32 80 48 40 96 0 56 0 24 100 32 136 172 88 116 52 52 24 40 72 116 12 108 184 48 40 32 40 
84 92 92 64 116 68 172 188 56 88 96 24 20 36 148 192 72 8 88 64 28 72 96 36 108 108 124 48 128 120 120 16 40 52 100 68 20 116 24 76 24 0 120 52 156 192 108 136 32 32 44 20 52 136 32 128 204 68 20 52 20 
40 32 36 60 8 56 56 72 68 36 28 140 136 152 32 76 52 124 36 60 96 52 28 152 16 16 8 76 12 4 0 108 84 72 24 56 136 8 100 48 100 120 0 72 40 76 16 20 148 152 108 140 172 24 112 56 92 116 140 116 140 
36 44 44 16 68 20 124 140 8 40 48 72 68 84 100 144 24 56 40 16 28 24 48 84 60 60 76 8 80 72 72 40 16 4 52 20 68 68 32 28 32 52 72 0 108 144 60 88 80 80 36 68 100 88 40 80 156 44 68 44 68 
76 68 72 96 44 92 20 36 104 72 64 176 172 188 12 40 88 160 72 96 132 88 64 188 52 52 36 112 32 40 40 144 120 108 60 92 172 44 136 84 136 156 40 108 0 40 52 24 184 188 144 176 208 44 148 92 56 152 176 152 176 
112 104 108 132 80 128 24 8 140 108 100 212 208 224 48 4 124 196 108 132 168 124 100 224 88 88 72 148 68 76 76 180 156 144 96 128 208 80 172 120 172 192 76 144 40 0 88 60 220 224 180 212 244 80 184 128 36 188 212 188 212 
32 20 20 48 12 44 68 84 56 24 16 128 124 140 44 88 40 112 24 48 84 40 16 140 4 0 20 64 24 16 16 96 72 60 12 44 124 12 88 36 88 108 16 60 52 88 0 32 136 136 92 124 156 32 96 40 100 100 124 100 124 
56 48 52 76 24 72 40 56 84 52 44 156 152 168 16 60 68 140 52 76 112 68 44 168 32 32 16 92 12 20 20 124 100 88 40 72 152 24 116 64 116 136 20 88 24 60 32 0 164 168 124 156 188 24 128 72 76 132 156 132 156 
112 120 120 92 144 96 200 216 84 116 124 12 16 8 176 220 100 28 116 92 56 100 124 8 136 136 152 76 156 148 148 44 68 80 128 96 16 144 52 104 52 32 148 80 184 220 136 164 0 36 72 24 24 164 60 156 232 96 24 80 48 
116 120 116 92 144 100 204 220 84 116 124 28 24 40 180 220 100 28 120 92 60 104 128 44 140 136 152 76 160 148 152 44 68 84 132 96 24 144 52 104 52 32 152 80 188 224 136 168 36 0 44 12 20 144 40 120 196 60 12 44 16 
72 76 72 48 100 56 160 176 40 72 80 64 60 76 136 176 56 48 76 48 24 60 84 80 96 92 108 32 116 104 108 32 24 40 88 52 60 100 24 60 24 44 108 36 144 180 92 124 72 44 0 48 64 100 12 84 160 24 48 8 32 
104 108 104 80 132 88 192 208 72 104 112 16 12 28 168 208 88 16 108 80 48 92 116 32 128 124 140 64 148 136 140 32 56 72 120 84 12 132 40 92 40 20 140 68 176 212 124 156 24 12 48 0 32 140 36 132 208 72 0 56 24 
136 140 136 112 164 120 224 240 104 136 144 32 36 28 200 240 120 48 140 112 80 124 148 32 160 156 172 96 180 168 172 64 88 104 152 116 36 164 72 124 72 52 172 100 208 244 156 188 24 20 64 32 0 164 60 132 212 72 32 60 32 
64 48 44 76 24 76 60 76 84 52 44 156 152 168 36 76 68 140 56 76 116 72 48 172 36 32 16 92 16 20 24 124 100 92 44 72 152 24 116 64 116 136 24 88 44 80 32 24 164 144 100 140 164 0 108 48 68 108 140 108 132 
76 80 76 52 104 60 164 180 44 76 84 52 48 64 140 180 60 36 80 52 20 64 88 68 100 96 112 36 120 108 112 20 28 44 92 56 48 104 12 64 12 32 112 40 148 184 96 128 60 40 12 36 60 108 0 96 172 36 36 20 28 
56 40 36 68 48 68 108 124 76 44 36 148 144 160 84 124 60 132 48 68 108 64 40 164 44 40 56 84 64 52 56 116 92 84 36 64 144 48 108 56 108 128 56 80 92 128 40 72 156 120 84 132 132 48 96 0 92 64 132 76 108 
132 116 112 144 92 144 40 32 152 120 112 224 220 236 64 32 136 208 124 144 184 140 116 240 104 100 84 160 84 88 92 192 168 160 112 140 220 92 184 132 184 204 92 156 56 36 100 76 232 196 160 208 212 68 172 92 0 152 208 156 184 
80 84 80 56 108 64 168 184 48 80 88 88 84 100 144 184 64 72 84 56 48 68 92 104 104 100 116 40 124 112 116 56 32 48 96 60 84 108 48 68 48 68 116 44 152 188 100 132 96 60 24 72 72 108 36 64 152 0 72 16 48 
104 108 104 80 132 88 192 208 72 104 112 16 12 28 168 208 88 16 108 80 48 92 116 32 128 124 140 64 148 136 140 32 56 72 120 84 12 132 40 92 40 20 140 68 176 212 124 156 24 12 48 0 32 140 36 132 208 72 0 56 24 
80 84 80 56 108 64 168 184 48 80 88 72 68 84 144 184 64 56 84 56 32 68 92 88 104 100 116 40 124 112 116 40 32 48 96 60 68 108 32 68 32 52 116 44 152 188 100 132 80 44 8 56 60 108 20 76 156 16 56 0 32 
104 108 104 80 132 88 192 208 72 104 112 40 36 52 168 208 88 24 108 80 48 92 116 56 128 124 140 64 148 136 140 32 56 72 120 84 36 132 40 92 40 20 140 68 176 212 124 156 48 16 32 24 32 132 28 108 184 48 24 32 0 
