60
0 14 28 20 20 15 13 8 22 28 17 32 9 9 40 29 31 29 19 36 33 14 27 32 18 30 36 3 13 15 28 7 11 8 17 19 14 19 11 21 19 13 6 27 21 9 23 21 13 32 88 50 44 37 33 94 46 84 67 69 49 
14 0 14 6 6 15 9 14 24 26 17 18 9 5 26 33 31 33 19 22 25 14 19 30 10 30 26 11 13 23 18 7 11 6 9 19 16 11 11 25 19 17 8 27 21 9 23 25 9 26 74 44 30 29 27 80 32 70 61 63 43 
28 14 0 12 12 21 15 28 22 24 27 8 19 19 16 47 37 47 17 12 19 22 9 36 10 38 16 25 23 37 8 21 17 20 11 25 14 9 17 39 25 31 22 33 31 19 29 39 15 28 60 46 16 23 29 66 26 56 63 65 45 
20 6 12 0 0 13 15 20 30 32 19 16 11 11 24 39 29 39 25 20 27 14 17 28 10 30 24 17 15 29 16 13 17 12 11 17 22 9 17 31 17 23 14 25 23 11 21 31 15 20 68 38 24 31 21 74 26 64 55 57 37 
20 6 12 0 0 13 15 20 30 32 19 16 11 11 24 39 29 39 25 20 27 14 17 28 10 30 24 17 15 29 16 13 17 12 11 17 22 9 17 31 17 23 14 25 23 11 21 31 15 20 68 38 24 31 21 74 26 64 55 57 37 
15 15 21 13 13 0 18 7 33 35 10 25 10 14 33 26 22 26 28 29 34 1 26 21 19 23 33 12 2 16 25 16 20 15 18 10 25 18 20 18 10 10 17 18 14 10 14 18 18 17 81 35 37 38 26 87 39 77 52 54 34 
13 9 15 15 15 18 0 17 19 21 20 19 12 8 27 36 34 36 14 23 20 17 14 35 5 33 23 14 16 26 15 10 2 9 4 22 11 6 2 28 22 20 11 30 24 12 26 28 0 35 75 53 31 24 36 81 33 71 70 72 52 
8 14 28 20 20 7 17 0 30 34 9 32 9 13 40 25 23 25 27 36 33 6 27 24 18 22 36 11 5 15 28 15 19 14 17 11 22 19 19 17 11 9 14 19 13 9 15 17 17 24 88 42 44 37 33 94 46 84 59 61 41 
22 24 22 30 30 33 19 30 0 10 35 18 27 23 18 51 49 51 9 14 11 32 13 50 20 48 14 25 31 37 14 21 17 22 19 37 12 21 17 43 37 35 20 45 39 27 41 43 19 50 66 68 22 15 51 72 48 70 85 87 67 
28 26 24 32 32 35 21 34 10 0 37 20 29 25 12 53 51 53 15 16 5 34 15 52 22 50 8 31 33 43 16 27 23 26 21 39 18 23 23 45 39 37 26 47 41 29 43 45 21 52 68 70 24 9 53 66 50 72 87 89 69 
17 17 27 19 19 10 20 9 35 37 0 31 12 16 39 20 18 20 30 35 36 9 30 19 21 17 39 14 8 10 31 18 22 17 20 2 27 22 22 12 2 4 19 14 8 12 10 12 20 15 87 33 43 40 32 93 45 83 50 52 32 
32 18 8 16 16 25 19 32 18 20 31 0 23 23 12 51 41 51 13 8 15 26 5 40 14 42 12 29 27 41 4 25 21 24 15 29 18 13 21 43 29 35 26 37 35 23 33 43 19 32 56 50 12 19 33 62 30 52 67 69 49 
9 9 19 11 11 10 12 9 27 29 12 23 0 8 31 28 26 28 22 27 28 9 22 27 13 25 31 6 8 18 23 10 14 9 12 14 19 14 14 20 14 12 11 22 16 0 18 20 12 23 79 41 35 32 24 85 37 75 58 60 40 
9 5 19 11 11 14 8 13 23 25 16 23 8 0 31 32 30 32 18 27 24 13 18 31 9 29 27 10 12 22 19 2 10 1 8 18 15 10 10 24 18 16 3 26 20 8 22 24 8 31 79 49 35 28 32 85 37 75 66 68 48 
40 26 16 24 24 33 27 40 18 12 39 12 31 31 0 59 49 59 21 8 7 34 13 48 22 50 4 37 35 49 12 33 29 32 23 37 26 21 29 51 37 43 34 45 43 31 41 51 27 40 56 58 12 11 41 54 38 60 75 77 57 
29 33 47 39 39 26 36 25 51 53 20 51 28 32 59 0 10 0 46 55 52 25 46 11 37 9 55 30 24 18 47 34 38 33 36 22 43 38 38 12 22 20 35 14 16 28 18 12 36 35 107 21 63 56 52 113 65 103 38 40 44 
31 31 37 29 29 22 34 23 49 51 18 41 26 30 49 10 0 10 44 45 50 23 42 1 35 1 49 28 22 16 41 32 36 31 34 18 41 34 36 10 18 18 33 10 14 26 14 10 34 25 97 19 53 54 42 103 55 93 36 38 34 
29 33 47 39 39 26 36 25 51 53 20 51 28 32 59 0 10 0 46 55 52 25 46 11 37 9 55 30 24 18 47 34 38 33 36 22 43 38 38 12 22 20 35 14 16 28 18 12 36 35 107 21 63 56 52 113 65 103 38 40 44 
19 19 17 25 25 28 14 27 9 15 30 13 22 18 21 46 44 46 0 17 14 27 8 45 15 43 17 22 26 34 9 18 14 19 14 32 9 16 14 38 32 30 17 40 34 22 36 38 14 45 69 63 25 18 46 75 43 65 80 82 62 
36 22 12 20 20 29 23 36 14 16 35 8 27 27 8 55 45 55 17 0 11 30 9 44 18 46 8 33 31 45 8 29 25 28 19 33 22 17 25 47 33 39 30 41 39 27 37 47 23 36 52 54 8 15 37 58 34 56 71 73 53 
33 25 19 27 27 34 20 33 11 5 36 15 28 24 7 52 50 52 14 11 0 33 14 51 21 49 3 30 32 42 15 26 22 25 20 38 19 22 22 44 38 36 27 46 40 28 42 44 20 47 63 65 19 8 48 61 45 67 82 84 64 
14 14 22 14 14 1 17 6 32 34 9 26 9 13 34 25 23 25 27 30 33 0 27 22 18 22 34 11 1 15 26 15 19 14 17 11 24 19 19 17 11 9 16 19 13 9 15 17 17 18 82 36 38 37 27 88 40 78 53 55 35 
27 19 9 17 17 26 14 27 13 15 30 5 22 18 13 46 42 46 8 9 14 27 0 41 15 43 13 24 26 36 1 20 16 19 14 30 13 14 16 38 30 30 21 38 34 22 34 38 14 37 61 55 17 18 38 67 35 57 72 74 54 
32 30 36 28 28 21 35 24 50 52 19 40 27 31 48 11 1 11 45 44 51 22 41 0 34 2 48 29 23 17 40 33 37 32 35 17 42 33 37 11 17 19 34 9 15 27 13 11 35 24 96 18 52 55 41 102 54 92 35 37 33 
18 10 10 10 10 19 5 18 20 22 21 14 13 9 22 37 35 37 15 18 21 18 15 34 0 34 22 15 17 27 14 11 7 10 1 23 12 1 7 29 23 21 12 31 25 13 27 29 5 30 70 48 26 25 31 76 28 66 65 67 47 
30 30 38 30 30 23 33 22 48 50 17 42 25 29 50 9 1 9 43 46 49 22 43 2 34 0 50 27 21 15 42 31 35 30 33 19 40 35 35 9 19 17 32 11 13 25 15 9 33 26 98 20 54 53 43 104 56 94 37 39 35 
36 26 16 24 24 33 23 36 14 8 39 12 31 27 4 55 49 55 17 8 3 34 13 48 22 50 0 33 35 45 12 29 25 28 23 37 22 21 25 47 37 39 30 45 43 31 41 47 23 44 60 62 16 11 45 58 42 64 79 81 61 
3 11 25 17 17 12 14 11 25 31 14 29 6 10 37 30 28 30 22 33 30 11 24 29 15 27 33 0 10 18 25 10 14 11 14 16 17 16 14 22 16 14 9 24 18 6 20 22 14 29 85 47 41 34 30 91 43 81 64 66 46 
13 13 23 15 15 2 16 5 31 33 8 27 8 12 35 24 22 24 26 31 32 1 26 23 17 21 35 10 0 14 27 14 18 13 16 10 23 18 18 16 10 8 15 18 12 8 14 16 16 19 83 37 39 36 28 89 41 79 54 56 36 
15 23 37 29 29 16 26 15 37 43 10 41 18 22 49 18 16 18 34 45 42 15 36 17 27 15 45 18 14 0 37 22 26 23 26 12 29 28 26 10 12 10 21 12 6 18 8 10 26 25 97 35 53 46 42 103 55 93 52 54 34 
28 18 8 16 16 25 15 28 14 16 31 4 23 19 12 47 41 47 9 8 15 26 1 40 14 42 12 25 27 37 0 21 17 20 15 29 14 13 17 39 29 31 22 37 35 23 33 39 15 36 60 54 16 19 37 66 34 56 71 73 53 
7 7 21 13 13 16 10 15 21 27 18 25 10 2 33 34 32 34 18 29 26 15 20 33 11 31 29 10 14 22 21 0 10 1 10 20 13 12 10 26 20 18 1 28 22 10 24 26 10 33 81 51 37 30 34 87 39 77 68 70 50 
11 11 17 17 17 20 2 19 17 23 22 21 14 10 29 38 36 38 14 25 22 19 16 37 7 35 25 14 18 26 17 10 0 11 6 24 9 8 0 30 24 22 9 32 26 14 28 30 2 37 77 55 33 26 38 83 35 73 72 74 54 
8 6 20 12 12 15 9 14 22 26 17 24 9 1 32 33 31 33 19 28 25 14 19 32 10 30 28 11 13 23 20 1 11 0 9 19 14 11 11 25 19 17 2 27 21 9 23 25 9 32 80 50 36 29 33 86 38 76 67 69 49 
17 9 11 11 11 18 4 17 19 21 20 15 12 8 23 36 34 36 14 19 20 17 14 35 1 33 23 14 16 26 15 10 6 9 0 22 11 2 6 28 22 20 11 30 24 12 26 28 4 31 71 49 27 24 32 77 29 67 66 68 48 
19 19 25 17 17 10 22 11 37 39 2 29 14 18 37 22 18 22 32 33 38 11 30 17 23 19 37 16 10 12 29 20 24 19 22 0 29 22 24 14 0 6 21 14 10 14 10 14 22 13 85 31 41 42 30 91 43 81 48 50 30 
14 16 14 22 22 25 11 22 12 18 27 18 19 15 26 43 41 43 9 22 19 24 13 42 12 40 22 17 23 29 14 13 9 14 11 29 0 13 9 35 29 27 12 37 31 19 33 35 11 42 74 60 30 23 43 80 40 70 77 79 59 
19 11 9 9 9 18 6 19 21 23 22 13 14 10 21 38 34 38 16 17 22 19 14 33 1 35 21 16 18 28 13 12 8 11 2 22 13 0 8 30 22 22 13 30 26 14 26 30 6 29 69 47 25 26 30 75 27 65 64 66 46 
11 11 17 17 17 20 2 19 17 23 22 21 14 10 29 38 36 38 14 25 22 19 16 37 7 35 25 14 18 26 17 10 0 11 6 24 9 8 0 30 24 22 9 32 26 14 28 30 2 37 77 55 33 26 38 83 35 73 72 74 54 
21 25 39 31 31 18 28 17 43 45 12 43 20 24 51 12 10 12 38 47 44 17 38 11 29 9 47 22 16 10 39 26 30 25 28 14 35 30 30 0 14 12 27 6 8 20 10 0 28 27 99 29 55 48 44 105 57 95 46 48 36 
19 19 25 17 17 10 22 11 37 39 2 29 14 18 37 22 18 22 32 33 38 11 30 17 23 19 37 16 10 12 29 20 24 19 22 0 29 22 24 14 0 6 21 14 10 14 10 14 22 13 85 31 41 42 30 91 43 81 48 50 30 
13 17 31 23 23 10 20 9 35 37 4 35 12 16 43 20 18 20 30 39 36 9 30 19 21 17 39 14 8 10 31 18 22 17 20 6 27 22 22 12 6 0 19 14 8 12 10 12 20 19 91 37 47 40 36 97 49 87 54 56 36 
6 8 22 14 14 17 11 14 20 26 19 26 11 3 34 35 33 35 17 30 27 16 21 34 12 32 30 9 15 21 22 1 9 2 11 21 12 13 9 27 21 19 0 29 23 11 25 27 11 34 82 52 38 31 35 88 40 78 69 71 51 
27 27 33 25 25 18 30 19 45 47 14 37 22 26 45 14 10 14 40 41 46 19 38 9 31 11 45 24 18 12 37 28 32 27 30 14 37 30 32 6 14 14 29 0 10 22 10 6 30 21 93 23 49 50 38 99 51 89 40 42 30 
21 21 31 23 23 14 24 13 39 41 8 35 16 20 43 16 14 16 34 39 40 13 34 15 25 13 43 18 12 6 35 22 26 21 24 10 31 26 26 8 10 8 23 10 0 16 2 8 24 19 91 29 47 44 36 97 49 87 46 48 28 
9 9 19 11 11 10 12 9 27 29 12 23 0 8 31 28 26 28 22 27 28 9 22 27 13 25 31 6 8 18 23 10 14 9 12 14 19 14 14 20 14 12 11 22 16 0 18 20 12 23 79 41 35 32 24 85 37 75 58 60 40 
23 23 29 21 21 14 26 15 41 43 10 33 18 22 41 18 14 18 36 37 42 15 34 13 27 15 41 20 14 8 33 24 28 23 26 10 33 26 28 10 10 10 25 10 2 18 0 10 26 17 89 27 45 46 34 95 47 85 44 46 26 
21 25 39 31 31 18 28 17 43 45 12 43 20 24 51 12 10 12 38 47 44 17 38 11 29 9 47 22 16 10 39 26 30 25 28 14 35 30 30 0 14 12 27 6 8 20 10 0 28 27 99 29 55 48 44 105 57 95 46 48 36 
13 9 15 15 15 18 0 17 19 21 20 19 12 8 27 36 34 36 14 23 20 17 14 35 5 33 23 14 16 26 15 10 2 9 4 22 11 6 2 28 22 20 11 30 24 12 26 28 0 35 75 53 31 24 36 81 33 71 70 72 52 
32 26 28 20 20 17 35 24 50 52 15 32 23 31 40 35 25 35 45 36 47 18 37 24 30 26 44 29 19 25 36 33 37 32 31 13 42 29 37 27 13 19 34 21 19 23 17 27 35 0 72 22 34 51 17 78 30 68 35 37 17 
88 74 60 68 68 81 75 88 66 68 87 56 79 79 56 107 97 107 69 52 63 82 61 96 70 98 60 85 83 97 60 81 77 80 71 85 74 69 77 99 85 91 82 93 91 79 89 99 75 72 0 86 44 67 55 14 42 8 77 67 63 
50 44 46 38 38 35 53 42 68 70 33 50 41 49 58 21 19 21 63 54 65 36 55 18 48 20 62 47 37 35 54 51 55 50 49 31 60 47 55 29 31 37 52 23 29 41 27 29 53 22 86 0 50 69 31 92 44 82 17 19 23 
44 30 16 24 24 37 31 44 22 24 43 12 35 35 12 63 53 63 25 8 19 38 17 52 26 54 16 41 39 53 16 37 33 36 27 41 30 25 33 55 41 47 38 49 47 35 45 55 31 34 44 50 0 23 29 50 26 48 63 65 45 
37 29 23 31 31 38 24 37 15 9 40 19 32 28 11 56 54 56 18 15 8 37 18 55 25 53 11 34 36 46 19 30 26 29 24 42 23 26 26 48 42 40 31 50 44 32 46 48 24 51 67 69 23 0 52 57 49 71 86 88 68 
33 27 29 21 21 26 36 33 51 53 32 33 24 32 41 52 42 52 46 37 48 27 38 41 31 43 45 30 28 42 37 34 38 33 32 30 43 30 38 44 30 36 35 38 36 24 34 44 36 17 55 31 29 52 0 61 13 51 34 36 16 
94 80 66 74 74 87 81 94 72 66 93 62 85 85 54 113 103 113 75 58 61 88 67 102 76 104 58 91 89 103 66 87 83 86 77 91 80 75 83 105 91 97 88 99 97 85 95 105 81 78 14 92 50 57 61 0 48 18 83 73 69 
46 32 26 26 26 39 33 46 48 50 45 30 37 37 38 65 55 65 43 34 45 40 35 54 28 56 42 43 41 55 34 39 35 38 29 43 40 27 35 57 43 49 40 51 49 37 47 57 33 30 42 44 26 49 13 48 0 38 43 39 25 
84 70 56 64 64 77 71 84 70 72 83 52 75 75 60 103 93 103 65 56 67 78 57 92 66 94 64 81 79 93 56 77 73 76 67 81 70 65 73 95 81 87 78 89 87 75 85 95 71 68 8 82 48 71 51 18 38 0 73 63 59 
67 61 63 55 55 52 70 59 85 87 50 67 58 66 75 38 36 38 80 71 82 53 72 35 65 37 79 64 54 52 71 68 72 67 66 48 77 64 72 46 48 54 69 40 46 58 44 46 70 35 77 17 63 86 34 83 43 73 0 10 22 
69 63 65 57 57 54 72 61 87 89 52 69 60 68 77 40 38 40 82 73 84 55 74 37 67 39 81 66 56 54 73 70 74 69 68 50 79 66 74 48 50 56 71 42 48 60 46 48 72 37 67 19 65 88 36 73 39 63 10 0 20 
49 43 45 37 37 34 52 41 67 69 32 49 40 48 57 44 34 44 62 53 64 35 54 33 47 35 61 46 36 34 53 50 54 49 48 30 59 46 54 36 30 36 51 30 28 40 26 36 52 17 63 23 45 68 16 69 25 59 22 20 0 
