60
0 37 52 53 39 25 19 9 22 30 54 30 56 26 44 28 63 14 58 34 33 46 49 36 38 51 8 13 50 14 10 25 15 60 28 38 56 7 64 41 12 27 51 21 4 40 45 65 26 68 51 92 49 90 36 16 131 55 49 13 24 
37 0 15 16 2 12 18 46 59 7 43 7 41 63 53 65 34 51 39 63 4 51 48 1 59 46 29 24 47 23 27 62 22 37 9 1 19 30 33 4 25 64 46 16 33 3 52 32 11 31 46 55 56 53 69 53 94 50 56 50 61 
52 15 0 1 13 27 33 61 60 22 28 22 26 56 38 54 19 66 24 48 19 36 33 16 44 31 44 39 32 38 42 57 37 22 24 14 4 45 18 11 40 55 31 31 48 12 37 17 26 16 31 40 41 38 54 68 79 35 41 65 66 
53 16 1 0 14 28 34 62 59 23 27 23 25 55 37 53 18 67 23 47 20 35 32 17 43 30 45 40 31 39 43 56 38 21 25 15 3 46 17 12 41 54 30 32 49 13 36 16 27 15 30 39 40 37 53 69 78 34 40 66 65 
39 2 13 14 0 14 20 48 61 9 41 9 39 65 51 67 32 53 37 61 6 49 46 3 57 44 31 26 45 25 29 64 24 35 11 1 17 32 31 2 27 66 44 18 35 1 50 30 13 29 44 53 54 51 67 55 92 48 54 52 63 
25 12 27 28 14 0 6 34 47 5 55 5 53 51 65 53 46 39 51 59 8 63 60 11 63 58 17 12 59 11 15 50 10 49 3 13 31 18 45 16 13 52 58 4 21 15 64 44 1 43 58 67 68 65 61 41 106 62 68 38 49 
19 18 33 34 20 6 0 28 41 11 61 11 59 45 63 47 52 33 57 53 14 65 66 17 57 64 11 6 65 5 9 44 4 55 9 19 37 12 51 22 7 46 64 2 15 21 64 50 7 49 64 73 68 71 55 35 112 68 68 32 43 
9 46 61 62 48 34 28 0 13 39 45 39 47 35 53 37 54 5 49 25 42 37 58 45 47 42 17 22 41 23 19 34 24 51 37 47 65 16 69 50 21 36 60 30 13 49 54 68 35 67 60 91 58 81 45 25 122 64 50 22 25 
22 59 60 59 61 47 41 13 0 52 32 52 34 48 66 50 41 8 36 12 55 24 71 58 60 29 30 35 28 36 32 47 37 38 50 60 56 29 56 63 34 49 69 43 26 62 67 55 48 54 69 78 71 68 58 38 109 73 63 35 38 
30 7 22 23 9 5 11 39 52 0 50 0 48 56 60 58 41 44 46 64 3 58 55 6 66 53 22 17 54 16 20 55 15 44 2 8 26 23 40 11 18 57 53 9 26 10 59 39 4 38 53 62 63 60 66 46 101 57 63 43 54 
54 43 28 27 41 55 61 45 32 50 0 50 2 62 44 60 9 40 4 20 47 8 39 44 50 3 62 67 4 66 64 63 65 6 52 42 24 61 24 39 66 61 37 59 58 40 43 23 54 22 37 46 47 36 60 70 77 41 39 67 64 
30 7 22 23 9 5 11 39 52 0 50 0 48 56 60 58 41 44 46 64 3 58 55 6 66 53 22 17 54 16 20 55 15 44 2 8 26 23 40 11 18 57 53 9 26 10 59 39 4 38 53 62 63 60 66 46 101 57 63 43 54 
56 41 26 25 39 53 59 47 34 48 2 48 0 60 42 58 7 42 2 22 45 10 37 42 48 5 64 65 6 64 66 61 63 4 50 40 22 63 22 37 66 59 35 57 60 38 41 21 52 20 35 44 45 34 58 72 75 39 37 69 62 
26 63 56 55 65 51 45 35 48 56 62 56 60 0 18 2 53 40 58 60 59 70 23 62 12 65 34 39 66 40 36 1 41 56 54 64 52 33 38 67 38 1 25 47 30 66 19 39 52 50 25 66 67 72 54 34 113 61 75 31 50 
44 53 38 37 51 65 63 53 66 60 44 60 42 18 0 16 35 58 40 64 57 52 5 54 6 47 52 57 48 58 54 19 59 38 62 52 34 51 20 49 56 17 7 65 48 50 1 21 64 32 7 48 49 54 62 52 95 43 57 49 68 
28 65 54 53 67 53 47 37 50 58 60 58 58 2 16 0 51 42 56 62 61 68 21 64 10 63 36 41 64 42 38 3 43 54 56 66 50 35 36 65 40 1 23 49 32 66 17 37 54 48 23 64 65 70 56 36 111 59 73 33 52 
63 34 19 18 32 46 52 54 41 41 9 41 7 53 35 51 0 49 5 29 38 17 30 35 41 12 63 58 13 57 61 54 56 3 43 33 15 64 15 30 59 52 28 50 67 31 34 14 45 13 28 37 38 27 51 71 68 32 30 74 55 
14 51 66 67 53 39 33 5 8 44 40 44 42 40 58 42 49 0 44 20 47 32 63 50 52 37 22 27 36 28 24 39 29 46 42 52 64 21 64 55 26 41 65 35 18 54 59 63 40 62 65 86 63 76 50 30 117 69 55 27 30 
58 39 24 23 37 51 57 49 36 46 4 46 2 58 40 56 5 44 0 24 43 12 35 40 46 7 66 63 8 62 66 59 61 2 48 38 20 65 20 35 64 57 33 55 62 36 39 19 50 18 33 42 43 32 56 74 73 37 35 71 60 
34 63 48 47 61 59 53 25 12 64 20 64 22 60 64 62 29 20 24 0 67 12 59 64 70 17 42 47 16 48 44 59 49 26 62 62 44 41 44 59 46 61 57 55 38 60 63 43 60 42 57 66 67 56 70 50 97 61 59 47 50 
33 4 19 20 6 8 14 42 55 3 47 3 45 59 57 61 38 47 43 67 0 55 52 3 63 50 25 20 51 19 23 58 18 41 5 5 23 26 37 8 21 60 50 12 29 7 56 36 7 35 50 59 60 57 69 49 98 54 60 46 57 
46 51 36 35 49 63 65 37 24 58 8 58 10 70 52 68 17 32 12 12 55 0 47 52 58 5 54 59 4 60 56 71 61 14 60 50 32 53 32 47 58 69 45 67 50 48 51 31 62 30 45 54 55 44 68 62 85 49 47 59 62 
49 48 33 32 46 60 66 58 71 55 39 55 37 23 5 21 30 63 35 59 52 47 0 49 11 42 57 62 43 63 59 24 64 33 57 47 29 56 15 44 61 22 2 64 53 45 4 16 59 27 2 43 44 49 57 57 90 38 52 54 73 
36 1 16 17 3 11 17 45 58 6 44 6 42 62 54 64 35 50 40 64 3 52 49 0 60 47 28 23 48 22 26 61 21 38 8 2 20 29 34 5 24 63 47 15 32 4 53 33 10 32 47 56 57 54 70 52 95 51 57 49 60 
38 59 44 43 57 63 57 47 60 66 50 66 48 12 6 10 41 52 46 70 63 58 11 60 0 53 46 51 54 52 48 13 53 44 66 58 40 45 26 55 50 11 13 59 42 56 7 27 64 38 13 54 55 60 66 46 101 49 63 43 62 
51 46 31 30 44 58 64 42 29 53 3 53 5 65 47 63 12 37 7 17 50 5 42 47 53 0 59 64 1 65 61 66 66 9 55 45 27 58 27 42 63 64 40 62 55 43 46 26 57 25 40 49 50 39 63 67 80 44 42 64 67 
8 29 44 45 31 17 11 17 30 22 62 22 64 34 52 36 63 22 66 42 25 54 57 28 46 59 0 5 58 6 2 33 7 66 20 30 48 1 62 33 4 35 59 13 4 32 53 61 18 60 59 84 57 82 44 24 123 63 57 21 32 
13 24 39 40 26 12 6 22 35 17 67 17 65 39 57 41 58 27 63 47 20 59 62 23 51 64 5 0 63 1 3 38 2 61 15 25 43 6 57 28 1 40 64 8 9 27 58 56 13 55 64 79 62 77 49 29 118 68 62 26 37 
50 47 32 31 45 59 65 41 28 54 4 54 6 66 48 64 13 36 8 16 51 4 43 48 54 1 58 63 0 64 60 67 65 10 56 46 28 57 28 43 62 65 41 63 54 44 47 27 58 26 41 50 51 40 64 66 81 45 43 63 66 
14 23 38 39 25 11 5 23 36 16 66 16 64 40 58 42 57 28 62 48 19 60 63 22 52 65 6 1 64 0 4 39 1 60 14 24 42 7 56 27 2 41 65 7 10 26 59 55 12 54 65 78 63 76 50 30 117 69 63 27 38 
10 27 42 43 29 15 9 19 32 20 64 20 66 36 54 38 61 24 66 44 23 56 59 26 48 61 2 3 60 4 0 35 5 64 18 28 46 3 60 31 2 37 61 11 6 30 55 59 16 58 61 82 59 80 46 26 121 65 59 23 34 
25 62 57 56 64 50 44 34 47 55 63 55 61 1 19 3 54 39 59 59 58 71 24 61 13 66 33 38 67 39 35 0 40 57 53 63 53 32 39 66 37 2 26 46 29 65 20 40 51 51 26 67 66 73 53 33 114 62 74 30 49 
15 22 37 38 24 10 4 24 37 15 65 15 63 41 59 43 56 29 61 49 18 61 64 21 53 66 7 2 65 1 5 40 0 59 13 23 41 8 55 26 3 42 66 6 11 25 60 54 11 53 66 77 64 75 51 31 116 70 64 28 39 
60 37 22 21 35 49 55 51 38 44 6 44 4 56 38 54 3 46 2 26 41 14 33 38 44 9 66 61 10 60 64 57 59 0 46 36 18 67 18 33 62 55 31 53 64 34 37 17 48 16 31 40 41 30 54 74 71 35 33 73 58 
28 9 24 25 11 3 9 37 50 2 52 2 50 54 62 56 43 42 48 62 5 60 57 8 66 55 20 15 56 14 18 53 13 46 0 10 28 21 42 13 16 55 55 7 24 12 61 41 2 40 55 64 65 62 64 44 103 59 65 41 52 
38 1 14 15 1 13 19 47 60 8 42 8 40 64 52 66 33 52 38 62 5 50 47 2 58 45 30 25 46 24 28 63 23 36 10 0 18 31 32 3 26 65 45 17 34 2 51 31 12 30 45 54 55 52 68 54 93 49 55 51 62 
56 19 4 3 17 31 37 65 56 26 24 26 22 52 34 50 15 64 20 44 23 32 29 20 40 27 48 43 28 42 46 53 41 18 28 18 0 49 14 15 44 51 27 35 52 16 33 13 30 12 27 36 37 34 50 70 75 31 37 69 62 
7 30 45 46 32 18 12 16 29 23 61 23 63 33 51 35 64 21 65 41 26 53 56 29 45 58 1 6 57 7 3 32 8 67 21 31 49 0 63 34 5 34 58 14 3 33 52 62 19 61 58 85 56 83 43 23 124 62 56 20 31 
64 33 18 17 31 45 51 69 56 40 24 40 22 38 20 36 15 64 20 44 37 32 15 34 26 27 62 57 28 56 60 39 55 18 42 32 14 63 0 29 58 37 13 49 66 30 19 1 44 12 13 28 29 34 42 62 75 23 37 65 62 
41 4 11 12 2 16 22 50 63 11 39 11 37 67 49 65 30 55 35 59 8 47 44 5 55 42 33 28 43 27 31 66 26 33 13 3 15 34 29 0 29 66 42 20 37 1 48 28 15 27 42 51 52 49 65 57 90 46 52 54 65 
12 25 40 41 27 13 7 21 34 18 66 18 66 38 56 40 59 26 64 46 21 58 61 24 50 63 4 1 62 2 2 37 3 62 16 26 44 5 58 29 0 39 63 9 8 28 57 57 14 56 63 80 61 78 48 28 119 67 61 25 36 
27 64 55 54 66 52 46 36 49 57 61 57 59 1 17 1 52 41 57 61 60 69 22 63 11 64 35 40 65 41 37 2 42 55 55 65 51 34 37 66 39 0 24 48 31 67 18 38 53 49 24 65 66 71 55 35 112 60 74 32 51 
51 46 31 30 44 58 64 60 69 53 37 53 35 25 7 23 28 65 33 57 50 45 2 47 13 40 59 64 41 65 61 26 66 31 55 45 27 58 13 42 63 24 0 62 55 43 6 14 57 25 0 41 42 47 55 59 88 36 50 56 75 
21 16 31 32 18 4 2 30 43 9 59 9 57 47 65 49 50 35 55 55 12 67 64 15 59 62 13 8 63 7 11 46 6 53 7 17 35 14 49 20 9 48 62 0 17 19 66 48 5 47 62 71 70 69 57 37 110 66 70 34 45 
4 33 48 49 35 21 15 13 26 26 58 26 60 30 48 32 67 18 62 38 29 50 53 32 42 55 4 9 54 10 6 29 11 64 24 34 52 3 66 37 8 31 55 17 0 36 49 65 22 64 55 88 53 86 40 20 127 59 53 17 28 
40 3 12 13 1 15 21 49 62 10 40 10 38 66 50 66 31 54 36 60 7 48 45 4 56 43 32 27 44 26 30 65 25 34 12 2 16 33 30 1 28 67 43 19 36 0 49 29 14 28 43 52 53 50 66 56 91 47 53 53 64 
45 52 37 36 50 64 64 54 67 59 43 59 41 19 1 17 34 59 39 63 56 51 4 53 7 46 53 58 47 59 55 20 60 37 61 51 33 52 19 48 57 18 6 66 49 49 0 20 63 31 6 47 48 53 61 53 94 42 56 50 69 
65 32 17 16 30 44 50 68 55 39 23 39 21 39 21 37 14 63 19 43 36 31 16 33 27 26 61 56 27 55 59 40 54 17 41 31 13 62 1 28 57 38 14 48 65 29 20 0 43 11 14 27 28 33 41 61 74 22 36 64 61 
26 11 26 27 13 1 7 35 48 4 54 4 52 52 64 54 45 40 50 60 7 62 59 10 64 57 18 13 58 12 16 51 11 48 2 12 30 19 44 15 14 53 57 5 22 14 63 43 0 42 57 66 67 64 62 42 105 61 67 39 50 
68 31 16 15 29 43 49 67 54 38 22 38 20 50 32 48 13 62 18 42 35 30 27 32 38 25 60 55 26 54 58 51 53 16 40 30 12 61 12 27 56 49 25 47 64 28 31 11 42 0 25 34 35 32 48 68 69 29 35 71 60 
51 46 31 30 44 58 64 60 69 53 37 53 35 25 7 23 28 65 33 57 50 45 2 47 13 40 59 64 41 65 61 26 66 31 55 45 27 58 13 42 63 24 0 62 55 43 6 14 57 25 0 41 42 47 55 59 88 36 50 56 75 
92 55 40 39 53 67 73 91 78 62 46 62 44 66 48 64 37 86 42 66 59 54 43 56 54 49 84 79 50 78 82 67 77 40 64 54 36 85 28 51 80 65 41 71 88 52 47 27 66 34 41 0 43 56 56 76 61 37 59 79 84 
49 56 41 40 54 68 68 58 71 63 47 63 45 67 49 65 38 63 43 67 60 55 44 57 55 50 57 62 51 63 59 66 64 41 65 55 37 56 29 52 61 66 42 70 53 53 48 28 67 35 42 43 0 57 13 33 98 6 60 36 73 
90 53 38 37 51 65 71 81 68 60 36 60 34 72 54 70 27 76 32 56 57 44 49 54 60 39 82 77 40 76 80 73 75 30 62 52 34 83 34 49 78 71 47 69 86 50 53 33 64 32 47 56 57 0 70 90 47 51 49 93 74 
36 69 54 53 67 61 55 45 58 66 60 66 58 54 62 56 51 50 56 70 69 68 57 70 66 63 44 49 64 50 46 53 51 54 64 68 50 43 42 65 48 55 55 57 40 66 61 41 62 48 55 56 13 70 0 20 111 19 73 23 60 
16 53 68 69 55 41 35 25 38 46 70 46 72 34 52 36 71 30 74 50 49 62 57 52 46 67 24 29 66 30 26 33 31 74 44 54 70 23 62 57 28 35 59 37 20 56 53 61 42 68 59 76 33 90 20 0 131 39 65 3 40 
131 94 79 78 92 106 112 122 109 101 77 101 75 113 95 111 68 117 73 97 98 85 90 95 101 80 123 118 81 117 121 114 116 71 103 93 75 124 75 90 119 112 88 110 127 91 94 74 105 69 88 61 98 47 111 131 0 92 82 134 107 
55 50 35 34 48 62 68 64 73 57 41 57 39 61 43 59 32 69 37 61 54 49 38 51 49 44 63 68 45 69 65 62 70 35 59 49 31 62 23 46 67 60 36 66 59 47 42 22 61 29 36 37 6 51 19 39 92 0 54 42 79 
49 56 41 40 54 68 68 50 63 63 39 63 37 75 57 73 30 55 35 59 60 47 52 57 63 42 57 62 43 63 59 74 64 33 65 55 37 56 37 52 61 74 50 70 53 53 56 36 67 35 50 59 60 49 73 65 82 54 0 62 25 
13 50 65 66 52 38 32 22 35 43 67 43 69 31 49 33 74 27 71 47 46 59 54 49 43 64 21 26 63 27 23 30 28 73 41 51 69 20 65 54 25 32 56 34 17 53 50 64 39 71 56 79 36 93 23 3 134 42 62 0 37 
24 61 66 65 63 49 43 25 38 54 64 54 62 50 68 52 55 30 60 50 57 62 73 60 62 67 32 37 66 38 34 49 39 58 52 62 62 31 62 65 36 51 75 45 28 64 69 61 50 60 75 84 73 74 60 40 107 79 25 37 0 
